Species	Comparison	D.obs	eq.P	eq.mean.sim	eq.se.sim	si12.P	si12.mean.sim	si12.se.sim	si21.P	si21.mean.sim	si21.se.sim	an_breadth	Br_breadth	Wi_breadth	Niche_expansion	Niche_stability	Niche_unfilling	migration	clade
Amaurospiza_concolor	real	0.192525940241652	1	0.587249168214296	0.00483129610770741	0.138613861386139	0.0648143428749362	0.0116574384406129	0.405940594059406	0.152160599447304	0.0137384413346177	13.9922041253683	7.09278990657021	6.89941421879813	0.0850837712414754	0.914916228758525	0.321047328829795	res	Cardinalidae
Amaurospiza_moesta	real	0.271069270190818	1	0.72116398424694	0.00379649476655376	0.0792079207920792	0.062534208795297	0.0124480085541497	0.138613861386139	0.0964646324159912	0.0152929081935209	12.5651186901614	6.46675213090246	6.09836655925898	0.220073517207189	0.779926482792811	0.533361451809327	res	Cardinalidae
Cardinalis_cardinalis	real	0.393584338098254	0.0099009900990099	0.347428611791062	0.00118904932515762	0.247524752475248	0.242025125656071	0.0194970561698346	0.0891089108910891	0.106105021933854	0.0147059196153587	14.5804539764241	7.3647887594643	7.21566521695976	0.1946045753055	0.8053954246945	0.249757446700141	res	Cardinalidae
Cardinalis_phoeniceus	real	0.177325976486729	1	0.51366470528056	0.0100798658816659	0.207920792079208	0.090716178188777	0.0141926618960656	0.138613861386139	0.055243074059636	0.0101272034978785	11.2217466752237	5.95437705043883	5.26736962478486	0.372871177502077	0.627128822497923	0.607821877996833	res	Cardinalidae
Cardinalis_sinuatus	real	0.00389863855550299	1	0.14385358282298	0.000676846960957543	0.0396039603960396	0.000379050612636981	0.000200650807021848	0.881188118811881	0.0938829573386982	0.00742396095948207	13.8408933880982	7.30459231701878	6.53630107107941	0.94207696994239	0.0579230300576095	0.973824153939203	res	Cardinalidae
Caryothraustes_canadensis	real	0.569291465081687	0.0099009900990099	0.35549552555203	0.00169216852705377	0.0693069306930693	0.220063884991086	0.0184041115294029	0.0594059405940594	0.227870833931016	0.018579836255467	14.1474415023687	7.11442628522518	7.03301521714351	0.0473301158834362	0.952669884116564	0.168773162716687	res	Cardinalidae
Caryothraustes_poliogaster	real	0.42520209109833	0.0099009900990099	0.274195796424129	0.00208630405753161	0.0099009900990099	0.011038249088613	0.00503619848022593	0.0396039603960396	0.113983236676875	0.0133610931580922	13.3008544458541	6.64451839036445	6.65633605548968	0.361802326949337	0.638197673050663	0.343744653258671	res	Cardinalidae
Chlorothraupis_carmioli	real	0.123799103413203	1	0.318388316831809	0.0061277132041796	0.554455445544555	0.192088764282175	0.0181421354935892	0.277227722772277	0.0903965561387918	0.0118085278371509	13.1878890458272	6.64411021118242	6.54377883464483	0.757089416451269	0.242910583548731	0.79504472199239	res	Cardinalidae
Chlorothraupis_stolzmanni	real	0.437237700413235	0.544554455445545	0.445509632137852	0.00736195166213312	0.0198019801980198	0.101844735663055	0.0118706309252713	0.0297029702970297	0.129826141301859	0.0141059195420345	13.5681995147141	6.55272304824273	7.01547646647139	0.486786215320983	0.513213784679017	0.112802855585235	res	Cardinalidae
Cyanocompsa_brissonii	real	0.2252591043374	1	0.305013293972903	0.00111282797449357	0.247524752475248	0.13304536314449	0.0155792052729831	0.356435643564356	0.20630236048735	0.0223933955342726	14.1066888862905	7.02646474311142	7.08022414317903	0.512725195439838	0.487274804560162	0.340953419679948	res	Cardinalidae
Cyanocompsa_cyanoides	real	0.66483789577272	0.0099009900990099	0.274396703121109	0.00106463652229791	0.0198019801980198	0.180435334669627	0.0184416866967739	0.0495049504950495	0.111323383156883	0.0185070353694286	13.3465323095187	6.77631611380538	6.57021619571337	0.00649421759396337	0.993505782406037	0.11039212674735	res	Cardinalidae
Cyanocompsa_parellina	real	0.381658510538524	0.0099009900990099	0.226115216565615	0.00150968747791444	0.0099009900990099	0.0217035794796854	0.00587779520497994	0.178217821782178	0.155441295644563	0.0177819050657429	13.2116949443792	6.6202038123638	6.5914911320154	0.374129492453269	0.625870507546731	0.348879407050289	res	Cardinalidae
Cyanoloxia_glaucocaerulea	real	0.194374470474889	1	0.267473322115013	0.00188978675475126	0.366336633663366	0.160229231775124	0.0169707783101235	0.168316831683168	0.0825812499943243	0.0145215655837595	12.7556034965088	6.42794455770066	6.32765893880812	0.575341004578063	0.424658995421937	0.607997240726004	mig	Cardinalidae
Cyanoloxia_glaucocaerulea	hypo_br	0.189928024340672	1	0.232394678219477	0.0017402320439362	0.405940594059406	0.182834382509061	0.0193118665758845	0.158415841584158	0.0858869945397529	0.0143642562506483	NA	NA	NA	0.571268046119323	0.428731953880677	0.633255802193946	mig	Cardinalidae
Cyanoloxia_glaucocaerulea	hypo_wi	0.200707829685315	1	0.257947822966324	0.0020346609337852	0.386138613861386	0.177800466129129	0.0184739537233421	0.188118811881188	0.0918777847293094	0.0149635844961966	NA	NA	NA	0.562078626594631	0.437921373405368	0.633821527157731	mig	Cardinalidae
Granatellus_pelzelni	real	0.391791548923468	0.0099009900990099	0.320426870396539	0.00130735051914729	0.128712871287129	0.152017978282277	0.0164772352070746	0.158415841584158	0.203738254338515	0.0162109225396885	13.8038538319148	6.92485726814264	6.87899656377218	0.06191191133548	0.93808808866452	0.427114381501408	res	Cardinalidae
Granatellus_venustus	real	0.00611035516103475	1	0.262274244206028	0.00312862467105338	0.0693069306930693	0.00351668800650823	0.00193232335368354	0.772277227722772	0.12361514559418	0.0150106401407864	12.2316529393217	6.21024295439552	6.02140998492623	0.875520301943468	0.124479698056532	0.957525573315976	res	Cardinalidae
Habia_fuscicauda	real	0.262832924357733	1	0.648471631871895	0.00431203152967053	0.277227722772277	0.15642615450836	0.0216119758654241	0.168316831683168	0.14188349117442	0.0118708400869648	13.450543565119	6.66314374326348	6.78739982185554	0.355370170182334	0.644629829817666	0.204870701733138	res	Cardinalidae
Habia_gutturalis	real	0.104721786629007	1	0.422713204801999	0.00748704780668745	0.465346534653465	0.13241767419115	0.0135702575661373	0.386138613861386	0.103231518290352	0.0107587562070107	13.5677392014781	6.59526839258376	6.97247080889434	0.530748296419043	0.469251703580957	0.193068587608254	res	Cardinalidae
Habia_rubica	real	0.535856618775503	0.0099009900990099	0.362894649844819	0.00151404566643086	0.0297029702970297	0.111864526341393	0.0153126495180418	0.0099009900990099	0.0690757047455147	0.0120299379535314	13.5506504935997	7.02980945615356	6.52084103744618	0.000629747316234411	0.999370252683766	0.109845402290239	mig	Cardinalidae
Passerina_amoena	real	0.26492157866846	0.0099009900990099	0.224272527124089	0.00078891806168222	0.0297029702970297	0.0109820024952102	0.00522006408522516	0.198019801980198	0.120914634533167	0.0142108117692923	13.4011923930828	6.84121922604686	6.55997316703598	0.27321223681001	0.726787763189989	0.566680499435444	mig	Cardinalidae
Passerina_amoena	hypo_br	0.00924066699152393	1	0.152780897212419	0.000754440322779773	0.118811881188119	0.0103319967978405	0.00376431566602271	0.861386138613861	0.114593617169526	0.00750136797098634	NA	NA	NA	0.779101562562204	0.220898437437796	0.904398280103533	mig	Cardinalidae
Passerina_amoena	hypo_wi	0.00434654631216702	1	0.142859270728967	0.000430115962233947	0.297029702970297	0.030782324372414	0.00650551203717274	0.554455445544555	0.0518072611842251	0.00710435296391837	NA	NA	NA	0.992428476870373	0.00757152312962701	0.988313992426194	mig	Cardinalidae
Passerina_caerulea	real	0.180940123360649	1	0.214541277540603	0.000812423843017548	0.0891089108910891	0.0330883940096689	0.00672429554727778	0.108910891089109	0.0679266511790314	0.0073745637048057	14.620010027286	7.40202719044594	7.21798283684011	0.265217322853228	0.734782677146772	0.393450864816872	mig	Cardinalidae
Passerina_caerulea	hypo_br	0.399570736632136	0.0099009900990099	0.251113738064732	0.000984478140719839	0.0099009900990099	0.029129824384491	0.00832394540225457	0.0495049504950495	0.135025380609531	0.0123584155350972	NA	NA	NA	0.264721856837867	0.735278143162133	0.283679349069442	mig	Cardinalidae
Passerina_caerulea	hypo_wi	0.235057047837094	0.871287128712871	0.243340421397957	0.000793244960013304	0.0594059405940594	0.0668738774541952	0.00853250441541161	0.148514851485149	0.17235996013777	0.00728029748495928	NA	NA	NA	0.421931161253832	0.578068838746168	0.382306558379095	mig	Cardinalidae
Passerina_ciris	real	0.117637035357028	1	0.311697249143052	0.00123028133160249	0.207920792079208	0.06833861318564	0.0116240861301616	0.0297029702970297	0.0134654533546204	0.0026167114190381	13.924724266821	7.09036464255607	6.83435962426489	0.632508710365638	0.367491289634362	0.320816911877912	mig	Cardinalidae
Passerina_ciris	hypo_br	0.415300362420968	0.118811881188119	0.391195828677145	0.0019871712391296	0.0396039603960396	0.0468292791790517	0.01104066219252	0.0297029702970297	0.0635562294359411	0.0110020658655315	NA	NA	NA	0.27329015872662	0.72670984127338	0.246785867072439	mig	Cardinalidae
Passerina_ciris	hypo_wi	0.519288231254509	0.267326732673267	0.502273772792192	0.00252444002879822	0.0297029702970297	0.0833446449896762	0.0138873924490318	0.0297029702970297	0.0647863976360831	0.00973318106739436	NA	NA	NA	0.10711775150996	0.892882248490039	0.20606224120727	mig	Cardinalidae
Passerina_cyanea	real	0.236599119142082	0.0099009900990099	0.149872670390343	0.00076025768482676	0.0099009900990099	0.0130148010886032	0.00344626114542276	0.128712871287129	0.114031764023019	0.00967545601713684	13.7447866315187	6.95694989701776	6.78783673450096	0.233476563256499	0.766523436743501	0.379181581924122	res	Cardinalidae
Passerina_cyanea	hypo_br	0.30885438727412	0.0099009900990099	0.256635006434753	0.00101527303137711	0.0198019801980198	0.0148678620391048	0.00530385481419337	0.237623762376238	0.184515857451432	0.014482249556888	NA	NA	NA	0.377496527883461	0.622503472116539	0.423956085877532	res	Cardinalidae
Passerina_cyanea	hypo_wi	0.00650698384744475	1	0.0908170522006704	0.000327536668202245	0.108910891089109	0.00407438713790497	0.00149664742935802	0.722772277227723	0.0923460266814969	0.0104890835760801	NA	NA	NA	0.947036467994832	0.0529635320051681	0.977284101110973	res	Cardinalidae
Passerina_leclancherii	real	0.00200982016488171	1	0.354894916898286	0.0062087991374354	0.0396039603960396	0.00560411754845281	0.00482445085782565	0.534653465346535	0.0694161685643005	0.0122321193721758	10.3485730627004	5.42770455209469	4.9208685106057	0.988289724751712	0.0117102752482881	0.985565327885342	mig	Cardinalidae
Passerina_versicolor	real	0.0927382896833686	1	0.237186851365953	0.00221564360059468	0.0495049504950495	0.0128091098767872	0.00331076347147628	0.435643564356436	0.0803325809434747	0.00565917290972264	13.8813388992735	7.28172624413203	6.59961265514148	0.312027777621465	0.687972222378535	0.700142933683897	mig	Cardinalidae
Passerina_versicolor	hypo_br	0.238304762954352	1	0.324982067306717	0.0025218798466364	0.0495049504950495	0.0218246788171527	0.00607909499191263	0.148514851485149	0.107900957451231	0.0100903713606842	NA	NA	NA	0.27224644743396	0.72775355256604	0.443029525520049	mig	Cardinalidae
Passerina_versicolor	hypo_wi	0.170877155252896	1	0.288468107133088	0.00283969817244824	0.0297029702970297	0.0212681280412184	0.00480367263568205	0.0297029702970297	0.0611455447875159	0.00426084063023272	NA	NA	NA	0.442997713377407	0.557002286622593	0.498745268829946	mig	Cardinalidae
Pheucticus_aureoventris	real	0.24614328888467	1	0.372534563637202	0.00167674989789961	0.346534653465347	0.182538868839469	0.0126050239816983	0.237623762376238	0.159671242363617	0.0128103689426209	15.0344310261878	7.49724122378537	7.53718980240239	0.285802334221189	0.714197665778811	0.375778912610509	res	Cardinalidae
Pheucticus_aureoventris	hypo_br	0.329870824159946	0.811881188118812	0.340576372487723	0.00121838178995923	0.227722772277228	0.199667761291747	0.0119186288713781	0.168316831683168	0.178111425578741	0.0121591916570771	NA	NA	NA	0.137647494551463	0.862352505448537	0.400984355187858	res	Cardinalidae
Pheucticus_aureoventris	hypo_wi	0.280361391991183	1	0.360664552184825	0.00233079989259343	0.198019801980198	0.188488253639328	0.0114239308319577	0.227722772277228	0.173862901324788	0.011130104753217	NA	NA	NA	0.160971912775242	0.839028087224758	0.51668624662489	res	Cardinalidae
Pheucticus_chrysogaster	real	0.693480097692126	0.118811881188119	0.631767540262441	0.00514157403132844	0.0099009900990099	0.225527735357827	0.0169313677963782	0.0099009900990099	0.164876400516478	0.0150732166538497	15.5305321569682	7.86184003104912	7.66869212591912	0.0330641139847715	0.966935886015229	0.118156816033023	mig	Cardinalidae
Pheucticus_chrysopeplus	real	0.0231994019527213	1	0.206656754491428	0.00154319105416212	0.0396039603960396	0.00398569212994065	0.00278398308991798	0.792079207920792	0.126934983174926	0.00972727319724271	13.3449105328664	6.92543225513034	6.41947827773609	0.600783806076058	0.399216193923942	0.8232763274193	mig	Cardinalidae
Pheucticus_chrysopeplus	hypo_br	0.0207493173003842	1	0.225155032581038	0.00130789538911636	0.108910891089109	0.0100022460345617	0.00438350286359768	0.811881188118812	0.139583202235006	0.0106183061024391	NA	NA	NA	0.739246929677519	0.260753070322481	0.841667693127001	mig	Cardinalidae
Pheucticus_chrysopeplus	hypo_wi	0.017087382296364	1	0.195293697847028	0.00116123789024659	0.0594059405940594	0.0080982136261142	0.00430554905719607	0.851485148514851	0.143482589821708	0.00980382166738403	NA	NA	NA	0.699346807701916	0.300653192298084	0.854615465316779	mig	Cardinalidae
Pheucticus_ludovicianus	real	0.44353022218764	0.0099009900990099	0.395043342912039	0.00142934197518687	0.0297029702970297	0.0539653898145684	0.0111242314287629	0.108910891089109	0.193957325552599	0.0173073852253278	12.7547942505544	5.96889163508711	6.78590261546732	0.338843574691582	0.661156425308418	0.0107050222463825	mig	Cardinalidae
Pheucticus_ludovicianus	hypo_br	0.212480025835954	1	0.642536448533412	0.0025250701377942	0.217821782178218	0.0977867206792623	0.0156358738337201	0.435643564356436	0.204152267637215	0.0147602402467279	NA	NA	NA	0.123077851260311	0.876922148739689	0.249520445543465	mig	Cardinalidae
Pheucticus_ludovicianus	hypo_wi	0	1	0.119931143268842	0.000491298454571632	1	0.0432971937784369	0.0092388012827201	1	0.0140966640540228	0.00254569511998296	NA	NA	NA	1	0	1	mig	Cardinalidae
Pheucticus_melanocephalus	real	0.165012442288481	1	0.335377707510193	0.00142708522714803	0.118811881188119	0.0447085638461682	0.00748233808226297	0.188118811881188	0.0886076939302342	0.00749190858238327	14.015910564551	7.41211638340246	6.60379418114852	0.0185602985077283	0.981439701492272	0.428725946294618	res	Cardinalidae
Pheucticus_melanocephalus	hypo_br	0.233647295484975	1	0.387417726010458	0.0023808650666917	0.0693069306930693	0.035535378148372	0.00873081166555234	0.148514851485149	0.10687719314911	0.00948051114370224	NA	NA	NA	0.392879000793996	0.607120999206004	0.465410032738577	res	Cardinalidae
Pheucticus_melanocephalus	hypo_wi	0.347926654256698	0.0099009900990099	0.211786949425495	0.000636712137271097	0.0594059405940594	0.0561381304925798	0.0103360529144932	0.306930693069307	0.228877430098112	0.0145770910010439	NA	NA	NA	0.40860569359632	0.59139430640368	0.297248760096746	res	Cardinalidae
Pheucticus_tibialis	real	0.0946103402809633	1	0.25114085517833	0.00880465767889759	0.643564356435644	0.231989035711229	0.0198575481138018	0.247524752475248	0.0564502677371687	0.0074215212848525	13.6827628994412	6.95770487825374	6.72505802118751	0.704928128692313	0.295071871307687	0.779338716780135	res	Cardinalidae
Piranga_bidentata	real	0.268587456582128	0.0297029702970297	0.24244181670256	0.00140441837499353	0.0297029702970297	0.0360283515801073	0.00777537691584201	0.188118811881188	0.148321825312953	0.0115324250411504	14.5663044808969	7.41712400662286	7.14918047427399	0.290137394657604	0.709862605342396	0.403613346499131	mig	Cardinalidae
Piranga_ludoviciana	real	0.189538745856736	0.99009900990099	0.21133108916976	0.000916500502341914	0.0693069306930693	0.0204450788242801	0.00585288449927133	0.207920792079208	0.12063169461366	0.00847650845667898	14.1699775500865	7.13038223272685	7.03959531735963	0.247765505332283	0.752234494667717	0.376730300478719	mig	Cardinalidae
Piranga_ludoviciana	hypo_br	0.184187313090427	1	0.222871499255736	0.0012230586444728	0.0693069306930693	0.0200796830192433	0.00622923991998653	0.227722772277228	0.107522498093567	0.00792776955800944	NA	NA	NA	0.360123972781063	0.639876027218937	0.483919943601562	mig	Cardinalidae
Piranga_ludoviciana	hypo_wi	0.0438377704317878	1	0.103198034654608	0.00035043348021157	0.504950495049505	0.0756588259103879	0.00831412869661479	0.316831683168317	0.0374798387605276	0.00560987462395089	NA	NA	NA	0.936672078968486	0.063327921031514	0.827157061165174	mig	Cardinalidae
Piranga_olivacea	real	0.134047988940233	1	0.205568283347446	0.0012992927815616	0.495049504950495	0.152960426654538	0.0118478603183043	0.227722772277228	0.0678257782777604	0.00657269178018225	13.5446443741461	6.34489427961142	7.19975009453468	0.680787242095741	0.319212757904258	0.0188564150021413	mig	Cardinalidae
Piranga_olivacea	hypo_br	0.478184903866923	0.940594059405941	0.525152344568587	0.00280324351034192	0.0297029702970297	0.2210112673537	0.0126160857514562	0.0594059405940594	0.178806615392112	0.0160359448792509	NA	NA	NA	0.00399429950028482	0.996005700499715	0.0703436810496946	mig	Cardinalidae
Piranga_olivacea	hypo_wi	0.00828796601801851	1	0.0633528921573032	0.000253196613228581	0.148514851485149	0.0124741694208287	0.00505382862752042	0.455445544554455	0.0327160186530068	0.00535493679089585	NA	NA	NA	0.983883537703405	0.0161164622965951	0.992305545029307	mig	Cardinalidae
Piranga_rubra	real	0.187790984479305	1	0.212877055560031	0.00079861502486718	0.138613861386139	0.0627780885341084	0.0107346655372611	0.257425742574257	0.110787573285261	0.00902427510280116	13.8274346423834	6.974889700743	6.8525449416404	0.376239912175279	0.623760087824721	0.327325617906196	res	Cardinalidae
Piranga_rubra	hypo_br	0.399703152657653	1	0.654463688512062	0.00252440087209163	0.0396039603960396	0.0769539217983655	0.0126393316666959	0.0297029702970297	0.150322970106495	0.0112943878695406	NA	NA	NA	0.000160173243094513	0.999839826756905	0.0630765466615076	res	Cardinalidae
Piranga_rubra	hypo_wi	0.00290376364511225	1	0.124561536148871	0.000414489489093865	0.148514851485149	0.00185760237095501	0.000563056030573505	0.861386138613861	0.147104180876105	0.0117468666190458	NA	NA	NA	0.973105600052331	0.0268943999476691	0.980937966845545	res	Cardinalidae
Piranga_rubriceps	real	0.687571222583646	0.841584158415842	0.735127602273341	0.00523576812681382	0.0297029702970297	0.198373232125062	0.0192838774159811	0.0198019801980198	0.13314494652601	0.0165778337245651	13.9295355820342	7.11114525366971	6.81839032836453	0.0187525378706214	0.981247462129379	0.115291839867825	res	Cardinalidae
Rhodothraupis_celaeno	real	0.148881461300835	0.99009900990099	0.258136181977855	0.00441324422953183	0.0297029702970297	0.0140431791084748	0.0042631856944599	0.207920792079208	0.0836539340749582	0.0141126505331168	13.0099753652731	6.59465460387861	6.41532076139452	0.822506701796299	0.177493298203701	0.843966827594638	mig	Cardinalidae
Spiza_americana	real	0.32344612628268	1	0.674236442205169	0.0028557012473819	0.128712871287129	0.088970556029958	0.0156466926286898	0.158415841584158	0.151406146152804	0.0139682741461699	13.6396504100769	6.99956522538193	6.64008518469497	0.0414253340716019	0.958574665928398	0.173218463071525	NA	Cardinalidae
Spiza_americana	hypo_br	0.253004427264143	1	0.683927903957251	0.00382242268388407	0.099009900990099	0.0594946430836708	0.012211658885488	0.306930693069307	0.198479878157996	0.0172142248132835	NA	NA	NA	0.116025125436017	0.883974874563983	0.114059448263811	NA	Cardinalidae
Spiza_americana	hypo_wi	0.111334450261378	1	0.462667118580249	0.00118043316847853	0.326732673267327	0.0815599669397799	0.0086518631940545	0.673267326732673	0.137622172506897	0.00715450416355841	NA	NA	NA	0.752602887762225	0.247397112237776	0.237643851458627	NA	Cardinalidae
