Species	Comparison	D.obs	eq.P	eq.mean.sim	eq.se.sim	si12.P	si12.mean.sim	si12.se.sim	si21.P	si21.mean.sim	si21.se.sim	an_breadth	Niche_expansion	Niche_stability	Niche_unfilling	migration	clade
Amaurospiza_concolor	real	0.192525940241652	1	0.560192423770888	NA	0.5	0.0140525516769511	NA	0.5	0.051927877885347	NA	7.32330752443212	0.0850837712414754	0.914916228758525	0.321047328829795	res	Cardinalidae
Amaurospiza_moesta	real	0.271069270190818	1	0.716823821224952	NA	0.5	0.00139430661487749	NA	1	0.28705219461834	NA	6.71189732606939	0.220073517207189	0.779926482792811	0.533361451809327	res	Cardinalidae
Cardinalis_cardinalis	real	0.393584338098254	0.5	0.364722971007603	NA	0.5	0.336938715905436	NA	0.5	0.119552175508367	NA	7.58091982652703	0.1946045753055	0.8053954246945	0.249757446700141	res	Cardinalidae
Cardinalis_phoeniceus	real	0.177325976486729	1	0.419866233254342	NA	0.5	0.0663858997322395	NA	0.5	0	NA	6.11279291070906	0.372871177502077	0.627128822497923	0.607821877996833	res	Cardinalidae
Cardinalis_sinuatus	real	0.00389863855550299	1	0.131088421406724	NA	0.5	0	NA	1	0.157891038824935	NA	7.71841375205754	0.94207696994239	0.0579230300576095	0.973824153939203	res	Cardinalidae
Caryothraustes_canadensis	real	0.569291465081687	0.5	0.300459406631125	NA	0.5	0.29073799148828	NA	0.5	0.274360256230694	NA	7.18740452094181	0.0473301158834362	0.952669884116564	0.168773162716687	res	Cardinalidae
Caryothraustes_poliogaster	real	0.42520209109833	0.5	0.254227385270714	NA	0.5	0	NA	0.5	0.160572331637106	NA	6.99719973769806	0.361802326949337	0.638197673050663	0.343744653258671	res	Cardinalidae
Chlorothraupis_carmioli	real	0.123799103413203	1	0.281032104571639	NA	0.5	0	NA	0.5	0.0360785842955833	NA	7.37717893574727	0.757089416451269	0.242910583548731	0.79504472199239	res	Cardinalidae
Chlorothraupis_stolzmanni	real	0.437237700413235	1	0.548387236216726	NA	0.5	0	NA	0.5	0.334723664859905	NA	7.13610815137942	0.486786215320983	0.513213784679017	0.112802855585235	res	Cardinalidae
Cyanocompsa_brissonii	real	0.2252591043374	1	0.287384543786281	NA	1	0.466200430672459	NA	1	0.349746428358151	NA	7.55103928567786	0.512725195439838	0.487274804560162	0.340953419679948	res	Cardinalidae
Cyanocompsa_cyanoides	real	0.66483789577272	0.5	0.260763849001993	NA	0.5	0.0568481808419212	NA	0.5	0.218645313552799	NA	6.78899013720206	0.00649421759396337	0.993505782406037	0.11039212674735	res	Cardinalidae
Cyanocompsa_parellina	real	0.381658510538524	0.5	0.206786587884154	NA	0.5	0.000212229983988399	NA	0.5	0	NA	6.99906945511537	0.374129492453269	0.625870507546731	0.348879407050289	res	Cardinalidae
Cyanoloxia_glaucocaerulea	real	0.194374470474889	1	0.290672158041061	NA	0.5	0	NA	0.5	0.0119146113179053	NA	6.94672806252323	0.575341004578063	0.424658995421937	0.607997240726004	mig	Cardinalidae
Cyanoloxia_glaucocaerulea	hypo_br	0.189928024340672	1	0.224641857867373	NA	0.5	0	NA	1	0.198781739714258	NA	NA	0.571268046119323	0.428731953880677	0.633255802193946	mig	Cardinalidae
Cyanoloxia_glaucocaerulea	hypo_wi	0.200707829685315	1	0.242219435409479	NA	0.5	0.00793684824817664	NA	0.5	0.00055348247405651	NA	NA	0.562078626594631	0.437921373405368	0.633821527157731	mig	Cardinalidae
Granatellus_pelzelni	real	0.391791548923468	0.5	0.315521298915753	NA	0.5	0.000543883117832045	NA	0.5	0.21482930642866	NA	7.21272748226514	0.06191191133548	0.93808808866452	0.427114381501408	res	Cardinalidae
Granatellus_venustus	real	0.00611035516103475	1	0.295333997446712	NA	0.5	0.00020957569268909	NA	1	0.237984212047534	NA	7.05476847649737	0.875520301943468	0.124479698056532	0.957525573315976	res	Cardinalidae
Habia_fuscicauda	real	0.262832924357733	1	0.667988953110639	NA	0.5	1.11022302462516e-16	NA	0.5	0.0963231200518958	NA	7.07154917342919	0.355370170182334	0.644629829817666	0.204870701733138	res	Cardinalidae
Habia_gutturalis	real	0.104721786629007	1	0.294257552733479	NA	0.5	0.0659439985574659	NA	0.5	0.0697664360568701	NA	7.17003578850749	0.530748296419043	0.469251703580957	0.193068587608254	res	Cardinalidae
Habia_rubica	real	0.535856618775503	0.5	0.348604290568703	NA	0.5	0.335383172056348	NA	0.5	0.216354473373724	NA	6.87353471506716	0.000629747316234411	0.999370252683766	0.109845402290239	mig	Cardinalidae
Passerina_amoena	real	0.26492157866846	0.5	0.220163062371332	NA	0.5	0	NA	0.5	0.0196317641246134	NA	7.02587066330336	0.27321223681001	0.726787763189989	0.566680499435444	mig	Cardinalidae
Passerina_amoena	hypo_br	0.00924066699152393	1	0.165397579715647	NA	0.5	0	NA	1	0.0343058800804799	NA	NA	0.779101562562204	0.220898437437796	0.904398280103533	mig	Cardinalidae
Passerina_amoena	hypo_wi	0.00434654631216702	1	0.14290446360288	NA	0.5	4.04267434486183e-05	NA	0.5	0	NA	NA	0.992428476870373	0.00757152312962701	0.988313992426194	mig	Cardinalidae
Passerina_caerulea	real	0.180940123360649	1	0.216557935215336	NA	0.5	0.0346734970010141	NA	0.5	0.0537882404124986	NA	7.64226222582994	0.265217322853228	0.734782677146772	0.393450864816872	mig	Cardinalidae
Passerina_caerulea	hypo_br	0.399570736632136	0.5	0.236945424963967	NA	0.5	0	NA	0.5	0.118678394832988	NA	NA	0.264721856837867	0.735278143162133	0.283679349069442	mig	Cardinalidae
Passerina_caerulea	hypo_wi	0.235057047837094	1	0.241975072839498	NA	0.5	0.0126055244151196	NA	0.5	0.223963571049552	NA	NA	0.421931161253832	0.578068838746168	0.382306558379095	mig	Cardinalidae
Passerina_ciris	real	0.117637035357028	1	0.297914758558146	NA	0.5	0	NA	0.5	0.0247819841486555	NA	7.57315255435992	0.632508710365638	0.367491289634362	0.320816911877912	mig	Cardinalidae
Passerina_ciris	hypo_br	0.415300362420968	1	0.421643729538633	NA	0.5	0	NA	0.5	0.232715623880309	NA	NA	0.27329015872662	0.72670984127338	0.246785867072439	mig	Cardinalidae
Passerina_ciris	hypo_wi	0.519288231254509	0.5	0.473274044820913	NA	0.5	0.0486538717075868	NA	0.5	0.0193305032048039	NA	NA	0.10711775150996	0.892882248490039	0.20606224120727	mig	Cardinalidae
Passerina_cyanea	real	0.236599119142082	0.5	0.152893147888253	NA	0.5	0	NA	0.5	0.20783854668938	NA	7.18976817068116	0.233476563256499	0.766523436743501	0.379181581924122	res	Cardinalidae
Passerina_cyanea	hypo_br	0.30885438727412	0.5	0.25082948831734	NA	0.5	0	NA	0.5	0.0543772487917149	NA	NA	0.377496527883461	0.622503472116539	0.423956085877532	res	Cardinalidae
Passerina_cyanea	hypo_wi	0.00650698384744475	1	0.0893450672707701	NA	0.5	0	NA	1	0.0265296039918249	NA	NA	0.947036467994832	0.0529635320051681	0.977284101110973	res	Cardinalidae
Passerina_leclancherii	real	0.00200982016488171	1	0.361397668682684	NA	0.5	0	NA	0.5	0	NA	6.18185707203978	0.988289724751712	0.0117102752482881	0.985565327885342	mig	Cardinalidae
Passerina_versicolor	real	0.0927382896833686	1	0.212579589760739	NA	0.5	0	NA	1	0.210497847788934	NA	7.54081075329135	0.312027777621465	0.687972222378535	0.700142933683897	mig	Cardinalidae
Passerina_versicolor	hypo_br	0.238304762954352	1	0.35539338384877	NA	0.5	0	NA	0.5	0.0399497498311463	NA	NA	0.27224644743396	0.72775355256604	0.443029525520049	mig	Cardinalidae
Passerina_versicolor	hypo_wi	0.170877155252896	1	0.270973236573305	NA	0.5	0	NA	0.5	0.0339759751629417	NA	NA	0.442997713377407	0.557002286622593	0.498745268829946	mig	Cardinalidae
Pheucticus_aureoventris	real	0.24614328888467	1	0.377782544321205	NA	1	0.281615821293652	NA	0.5	0.0151848495580079	NA	7.85706688465366	0.285802334221189	0.714197665778811	0.375778912610509	res	Cardinalidae
Pheucticus_aureoventris	hypo_br	0.329870824159946	1	0.343713353306091	NA	1	0.36472626103538	NA	1	0.334738056817218	NA	NA	0.137647494551463	0.862352505448537	0.400984355187858	res	Cardinalidae
Pheucticus_aureoventris	hypo_wi	0.280361391991183	1	0.335560398274482	NA	0.5	0.16719146717058	NA	1	0.440920040705626	NA	NA	0.160971912775242	0.839028087224758	0.51668624662489	res	Cardinalidae
Pheucticus_chrysogaster	real	0.693480097692126	0.5	0.687336738524967	NA	0.5	0.085345069598011	NA	0.5	0.0824671786805222	NA	7.8333882609731	0.0330641139847715	0.966935886015229	0.118156816033023	mig	Cardinalidae
Pheucticus_chrysopeplus	real	0.0231994019527213	1	0.208335295102183	NA	1	0.122826682579669	NA	1	0.0445234258123827	NA	7.39271991145056	0.600783806076058	0.399216193923942	0.8232763274193	mig	Cardinalidae
Pheucticus_chrysopeplus	hypo_br	0.0207493173003842	1	0.212324137369062	NA	0.5	0	NA	1	0.145553649864896	NA	NA	0.739246929677519	0.260753070322481	0.841667693127001	mig	Cardinalidae
Pheucticus_chrysopeplus	hypo_wi	0.017087382296364	1	0.217261041731348	NA	0.5	0	NA	1	0.26640825647704	NA	NA	0.699346807701916	0.300653192298084	0.854615465316779	mig	Cardinalidae
Pheucticus_ludovicianus	real	0.44353022218764	0.5	0.401304185490939	NA	0.5	0.00959814940176684	NA	0.5	0.317954474540643	NA	6.41654513828253	0.338843574691582	0.661156425308418	0.0107050222463825	mig	Cardinalidae
Pheucticus_ludovicianus	hypo_br	0.212480025835954	1	0.633786058902414	NA	0.5	0.0412154853558607	NA	0.5	0.0467866840379477	NA	NA	0.123077851260311	0.876922148739689	0.249520445543465	mig	Cardinalidae
Pheucticus_ludovicianus	hypo_wi	0	1	0.120156738572796	NA	1	0	NA	1	0.00159517121215702	NA	NA	1	0	1	mig	Cardinalidae
Pheucticus_melanocephalus	real	0.165012442288481	1	0.327743465264752	NA	0.5	0.0284748834222984	NA	0.5	0.00909637003757169	NA	7.44619350189435	0.0185602985077283	0.981439701492272	0.428725946294618	res	Cardinalidae
Pheucticus_melanocephalus	hypo_br	0.233647295484975	1	0.39387020954903	NA	1	0.237682646088095	NA	0.5	0.0743183920987104	NA	NA	0.392879000793996	0.607120999206004	0.465410032738577	res	Cardinalidae
Pheucticus_melanocephalus	hypo_wi	0.347926654256698	0.5	0.213207174589839	NA	0.5	0.0408241037682366	NA	0.5	0.0366133911670354	NA	NA	0.40860569359632	0.59139430640368	0.297248760096746	res	Cardinalidae
Pheucticus_tibialis	real	0.0946103402809633	1	0.312050495775121	NA	1	0.181538370641756	NA	0.5	0.0751718927944603	NA	7.73675016325666	0.704928128692313	0.295071871307687	0.779338716780135	res	Cardinalidae
Piranga_bidentata	real	0.268587456582128	1	0.286403337261509	NA	0.5	0	NA	0.5	0.240813797943866	NA	7.61633732208549	0.290137394657604	0.709862605342396	0.403613346499131	mig	Cardinalidae
Piranga_ludoviciana	real	0.189538745856736	1	0.210314437424223	NA	0.5	0	NA	0.5	0.0343155791937543	NA	7.32403684782596	0.247765505332283	0.752234494667717	0.376730300478719	mig	Cardinalidae
Piranga_ludoviciana	hypo_br	0.184187313090427	1	0.241537405667602	NA	0.5	0	NA	0.5	0.0014656833999489	NA	NA	0.360123972781063	0.639876027218937	0.483919943601562	mig	Cardinalidae
Piranga_ludoviciana	hypo_wi	0.0438377704317878	1	0.107478744227805	NA	0.5	0.000143098484491011	NA	0.5	0	NA	NA	0.936672078968486	0.063327921031514	0.827157061165174	mig	Cardinalidae
Piranga_olivacea	real	0.134047988940233	1	0.199443717125415	NA	0.5	0.0326680581181512	NA	0.5	0.0766293454391606	NA	7.12380047933089	0.680787242095741	0.319212757904258	0.0188564150021413	mig	Cardinalidae
Piranga_olivacea	hypo_br	0.478184903866923	1	0.524974904479335	NA	0.5	0.331298137338847	NA	0.5	0.215790761148856	NA	NA	0.00399429950028482	0.996005700499715	0.0703436810496946	mig	Cardinalidae
Piranga_olivacea	hypo_wi	0.00828796601801851	1	0.0649879961255337	NA	0.5	0.000939908101203701	NA	0.5	0.000135344452221742	NA	NA	0.983883537703405	0.0161164622965951	0.992305545029307	mig	Cardinalidae
Piranga_rubra	real	0.187790984479305	1	0.226175092144704	NA	0.5	0.0023185153426144	NA	0.5	0.0888293101807875	NA	7.34010773501143	0.376239912175279	0.623760087824721	0.327325617906196	res	Cardinalidae
Piranga_rubra	hypo_br	0.399703152657653	1	0.618933308555319	NA	0.5	0.0593763852977228	NA	0.5	0.295118648435363	NA	NA	0.000160173243094513	0.999839826756905	0.0630765466615076	res	Cardinalidae
Piranga_rubra	hypo_wi	0.00290376364511225	1	0.126833057151943	NA	0.5	0	NA	1	0.168340600273499	NA	NA	0.973105600052331	0.0268943999476691	0.980937966845545	res	Cardinalidae
Piranga_rubriceps	real	0.687571222583646	1	0.733275850739427	NA	0.5	0.16622997627349	NA	0.5	0.00413140996364914	NA	6.99472476473809	0.0187525378706214	0.981247462129379	0.115291839867825	res	Cardinalidae
Rhodothraupis_celaeno	real	0.148881461300835	1	0.280666090292611	NA	0.5	0.112340151855679	NA	0.5	0.00430189237559708	NA	7.13915295508049	0.822506701796299	0.177493298203701	0.843966827594638	mig	Cardinalidae
Spiza_americana	real	0.32344612628268	1	0.67368159709538	NA	0.5	0.144901845911897	NA	1	0.495886669919514	NA	7.05816977408161	0.0414253340716019	0.958574665928398	0.173218463071525	NA	Cardinalidae
Spiza_americana	hypo_br	0.253004427264143	1	0.750302342374427	NA	0.5	0	NA	0.5	0.0163829789728945	NA	NA	0.116025125436017	0.883974874563983	0.114059448263811	NA	Cardinalidae
Spiza_americana	hypo_wi	0.111334450261378	1	0.468477362765776	NA	1	0.33231240372113	NA	1	0.147680408496204	NA	NA	0.752602887762225	0.247397112237776	0.237643851458627	NA	Cardinalidae
