Species	Comparison	D.obs	eq.P	eq.mean.sim	eq.se.sim	si12.P	si12.mean.sim	si12.se.sim	si21.P	si21.mean.sim	si21.se.sim	an_breadth	Br_breadth	Wi_breadth	Niche_expansion	Niche_stability	Niche_unfilling	migration	clade
Psophocichla_litsitsirupa	real	0.601465438574728	0.5	0.552282138438658	NA	0.5	0.054650900457701	NA	0.5	0.294757991383035	NA	14.4880604519982	7.18533775042657	7.30272270157166	0.0976570231585897	0.90234297684141	0.0344672614378509	res	Turdus
Turdus_abyssinicus	real	0.665480321545065	0.5	0.643671079847979	NA	0.5	0.316362512158951	NA	0.5	0.353959056981543	NA	14.3655775684703	7.17369367674263	7.1918838917277	0.045340959551025	0.954659040448975	0.0541326681364215	res	Turdus
Turdus_albicollis	real	0.581404248848149	0.5	0.500997377593317	NA	0.5	0.0573233010146524	NA	0.5	0.0270103732482839	NA	14.0330266481812	6.7883673924529	7.24465925572834	0.10609574040851	0.89390425959149	0.0225521803741406	res	Turdus
Turdus_albocinctus	real	0.347397832377397	0.5	0.320361835205258	NA	0.5	0.0405350172101308	NA	0.5	0	NA	13.5544272944513	7.35430439774771	6.20012289670362	0.0135468175034513	0.986453182496549	0.505941081310404	mig	Turdus
Turdus_albocinctus	hypo_br	0.357794375084849	0.5	0.297573581926937	NA	1	0.370175260220401	NA	0.5	0.0609593541473	NA	NA	NA	NA	0.0207910751579582	0.979208924842042	0.485505477402084	mig	Turdus
Turdus_albocinctus	hypo_wi	0.359463774503179	0.5	0.277281515489807	NA	0.5	0.0156003729988271	NA	0.5	0.235415045112819	NA	NA	NA	NA	0.0166046905971811	0.983395309402819	0.48107673053728	mig	Turdus
Turdus_assimilis	real	0.359262898491861	0.5	0.289033312614458	NA	0.5	0.204656074501199	NA	0.5	0.183625979181179	NA	14.2117470813289	7.11696118482696	7.09478589650197	0.314556117692124	0.685443882307876	0.279039141894484	res	Turdus
Turdus_atrogularis	real	0.318542032504779	1	0.338291612958918	NA	0.5	0	NA	0.5	0.230471181412228	NA	12.8021619524464	5.87541843073432	6.92674352171206	0.440068797261157	0.559931202738843	0.0485438392779156	mig	Turdus
Turdus_atrogularis	hypo_br	0.0581594709603407	1	0.158632008193056	NA	0.5	0.0383941726273317	NA	0.5	0.0234501826837004	NA	NA	NA	NA	0.219496953827372	0.780503046172628	0.763524562305918	mig	Turdus
Turdus_atrogularis	hypo_wi	0	1	0.0673968022999842	NA	1	0	NA	1	0	NA	NA	NA	NA	1	0	1	mig	Turdus
Turdus_boulboul	real	0.351644766957226	0.5	0.225351797337973	NA	0.5	0.137831549697204	NA	0.5	0.00371332944418012	NA	14.0320116652802	7.53892836805209	6.49308329722811	0.0682524869071113	0.931747513092889	0.407616949987634	mig	Turdus
Turdus_boulboul	hypo_br	0.13072214171958	1	0.184407621642119	NA	0.5	0.00443013169270368	NA	0.5	0.0479306433563692	NA	NA	NA	NA	0.0468061738230612	0.953193826176939	0.493049504839058	mig	Turdus
Turdus_boulboul	hypo_wi	0.328736979341009	0.5	0.171926143948027	NA	0.5	0.100231450921537	NA	0.5	0.00751841601315517	NA	NA	NA	NA	0.109891020681031	0.890108979318969	0.542340838843736	mig	Turdus
Turdus_cardis	real	0.274522299776463	1	0.311671043469885	NA	0.5	0	NA	0.5	0.0772302112923189	NA	12.6644942962228	6.80690582369446	5.85758847252837	0.378914912172203	0.621085087827797	0.731414448439513	mig	Turdus
Turdus_cardis	hypo_br	0.00850365465900105	1	0.163329300837199	NA	1	0.0446128106341755	NA	0.5	0	NA	NA	NA	NA	0.988046324973411	0.0119536750265887	0.992476910823637	mig	Turdus
Turdus_cardis	hypo_wi	0.0259011131300764	1	0.117774861953315	NA	0.5	0	NA	0.5	0.000650643549895524	NA	NA	NA	NA	0.946605912925416	0.053394087074584	0.96619619328305	mig	Turdus
Turdus_chiguanco	real	0.484710291394067	0.5	0.294428869505508	NA	0.5	0.00755112668887881	NA	0.5	0.0668474615218653	NA	14.7977579804219	7.30987015209681	7.4878878283251	0.246215655329933	0.753784344670067	0.150112047064318	res	Turdus
Turdus_daguae	real	0.574873098061475	1	0.620502988574289	NA	0.5	0.381032080366424	NA	0.5	0.0144692268175026	NA	13.9130255418162	7.02399400114884	6.88903154066736	0.0228176746256243	0.977182325374376	0.0920089551513376	res	Turdus
Turdus_dissimilis	real	0.14967428876884	1	0.285003518261906	NA	0.5	0.114354292552452	NA	0.5	0.000394430206712593	NA	13.3364673866465	7.21976961119927	6.11669777544722	0.157285346620115	0.842714653379885	0.621326466907066	mig	Turdus
Turdus_dissimilis	hypo_br	0.113147260143694	1	0.229415543677952	NA	0.5	0.0109158159082036	NA	0.5	0.09394635046466	NA	NA	NA	NA	0.165225432903832	0.834774567096168	0.643835687310792	mig	Turdus
Turdus_dissimilis	hypo_wi	0.136079212594288	1	0.211707013907126	NA	1	0.196504057580549	NA	0.5	0.0637863195284286	NA	NA	NA	NA	0.204384994501776	0.795615005498225	0.669647269447243	mig	Turdus
Turdus_eunomus	real	0.338326540964986	1	0.397885477096261	NA	0.5	0.00531603424246618	NA	0.5	0.0166167609253393	NA	12.3898466622905	5.72677010299891	6.66307655929156	0.457032158581391	0.542967841418609	0.0166075000753886	mig	Turdus
Turdus_eunomus	hypo_br	0.0185520843308736	1	0.257632260730422	NA	0.5	0	NA	1	0.105896394628714	NA	NA	NA	NA	0.71715373696324	0.28284626303676	0.894164732177594	mig	Turdus
Turdus_eunomus	hypo_wi	0	1	0.233488155227393	NA	1	0	NA	1	0.000137852013637474	NA	NA	NA	NA	1	0	1	mig	Turdus
Turdus_falcklandii	real	0.0643258801524657	1	0.165528735759997	NA	1	0.346384649567744	NA	0.5	0.0119301872479647	NA	15.0319288017368	7.48136206539357	7.55056673634327	0.670474439866807	0.329525560133193	0.506850442504139	res	Turdus
Turdus_feae	real	0.0340778412642366	1	0.156963626287778	NA	0.5	0.0299238054563552	NA	1	0.0521704716918272	NA	12.8141994249666	7.05607306805375	5.75812635691283	0.528170724765737	0.471829275234263	0.883039592848765	mig	Turdus
Turdus_feae	hypo_br	0.00482887325420078	1	0.208672083622097	NA	1	0.0337271759429001	NA	1	0.0188673593546567	NA	NA	NA	NA	0.506226708537881	0.493773291462119	0.880685718395489	mig	Turdus
Turdus_feae	hypo_wi	0.0185119961035282	1	0.226954497733757	NA	0.5	0.00804650047088862	NA	0.5	0	NA	NA	NA	NA	0.588844511601117	0.411155488398883	0.930772711748489	mig	Turdus
Turdus_flavipes	real	0.294936671032172	1	0.444210772113514	NA	0.5	0.217684502625929	NA	0.5	0.207883902965752	NA	13.7980916644058	6.45797280514037	7.34011885926539	0.45983775598408	0.54016224401592	0.0118212260751554	mig	Turdus
Turdus_flavipes	hypo_br	0.322027916918526	1	0.413417025678295	NA	1	0.351863888425758	NA	1	0.393512764985867	NA	NA	NA	NA	0.397806479707875	0.602193520292125	0.0363558084886147	mig	Turdus
Turdus_flavipes	hypo_wi	0.252555419459729	1	0.445383607272963	NA	0.5	0.0510892340437306	NA	1	0.384100289941435	NA	NA	NA	NA	0.485887142713164	0.514112857286836	0.0764918812619663	mig	Turdus
Turdus_fulviventris	real	0.295379130353257	1	0.403124270054166	NA	0.5	0.115719998460296	NA	0.5	0.194310741282669	NA	13.5955421101681	6.9111908265773	6.68435128359081	0.162186729941632	0.837813270058368	0.279538196009947	res	Turdus
Turdus_fumigatus	real	0.859368146847358	0.5	0.73656774788446	NA	0.5	0.406821139301046	NA	0.5	0.175922113140801	NA	14.5798136518929	7.29488289903641	7.28493075285647	0.0120788653197194	0.987921134680281	0.0149542239042261	res	Turdus
Turdus_fuscater	real	0.627036679770753	1	0.704392923182275	NA	0.5	0.0749835861388755	NA	0.5	0.60184211369392	NA	14.9215869320737	7.35841294137447	7.56317399069922	0.0788766846927027	0.921123315307297	0.0134075407702951	res	Turdus
Turdus_grayi	real	0.28755091900818	1	0.603672252265742	NA	1	0.47980015281405	NA	0.5	0.100368833975666	NA	13.6709851323347	6.75708085309637	6.91390427923835	0.331290601760068	0.668709398239932	0.153595815085639	res	Turdus
Turdus_hauxwelli	real	0.414573158034078	0.5	0.296706567085637	NA	0.5	0.011596995770577	NA	0.5	0.0611885402324813	NA	12.9870982723297	6.35498034308716	6.63211792924257	0.220108538410315	0.779891461589685	0.22844583470555	res	Turdus
Turdus_hortulorum	real	0.0795493122570319	1	0.715390012532273	NA	0.5	0	NA	0.5	0.0647451517748362	NA	12.2352749888368	6.59694340348418	5.63833158535259	0.41082091389351	0.58917908610649	0.598865430853493	mig	Turdus
Turdus_hortulorum	hypo_br	0.00715426027391486	1	0.138679348474473	NA	0.5	0	NA	0.5	0	NA	NA	NA	NA	0.994454001738799	0.00554599826120091	0.989779182435748	mig	Turdus
Turdus_hortulorum	hypo_wi	0.000304461983756221	1	0.103734361920027	NA	1	0.0608043144881277	NA	1	0.00375490764298669	NA	NA	NA	NA	0.998417315491795	0.00158268450820463	0.998924324587788	mig	Turdus
Turdus_ignobilis	real	0.715705684139534	0.5	0.624038459553368	NA	0.5	0.0175205064478463	NA	0.5	0.00266867840845741	NA	14.0150573115377	7.06138608895644	6.9536712225813	0.00950061590652135	0.990499384093479	0.0108520765945964	res	Turdus
Turdus_iliacus	real	0.342894810973573	0.5	0.263686471049201	NA	0.5	0.138442544202819	NA	0.5	0.0174065383309665	NA	14.5092914913893	7.18270442871655	7.32658706267279	0.281470410182212	0.718529589817788	0.0952803709754819	mig	Turdus
Turdus_iliacus	hypo_br	0.516995679524276	0.5	0.171274314585069	NA	0.5	0.378057644308858	NA	0.5	0.0491377757098539	NA	NA	NA	NA	0.324407316254276	0.675592683745724	0.17057119217353	mig	Turdus
Turdus_iliacus	hypo_wi	0.156693653444827	0.5	0.060417245240991	NA	1	0.512969004101299	NA	0.5	0.118458092591767	NA	NA	NA	NA	0.825852378104884	0.174147621895116	0.660446395496913	mig	Turdus
Turdus_infuscatus	real	0.0890022304243373	1	0.226989011855791	NA	0.5	0	NA	1	0.189059370658173	NA	13.2515285410787	7.06277380549446	6.18875473558421	0.30528800952714	0.69471199047286	0.798516074426244	res	Turdus
Turdus_kessleri	real	0.0723050143652508	1	0.193068561621175	NA	0.5	0	NA	0.5	0	NA	12.1878161475053	6.43368552242563	5.75413062507966	0.772155030372688	0.227844969627312	0.817900055416791	mig	Turdus
Turdus_kessleri	hypo_br	0.0674604482428769	1	0.173286697305669	NA	0.5	0	NA	0.5	0	NA	NA	NA	NA	0.768267203601103	0.231732796398897	0.84273458427497	mig	Turdus
Turdus_kessleri	hypo_wi	0.0736081107007819	1	0.168668842753826	NA	0.5	0	NA	0.5	0.0583534448754959	NA	NA	NA	NA	0.751274594378918	0.248725405621082	0.811643459357951	mig	Turdus
Turdus_lawrencii	real	0.516726442722339	1	0.522383477555192	NA	0.5	0	NA	0.5	0.211675119128954	NA	13.2283193574737	6.30332529229031	6.92499406518336	0.188032403642034	0.811967596357966	0.0254905167056085	res	Turdus
Turdus_leucomelas	real	0.534731215215877	0.5	0.424022084549885	NA	0.5	0.421656964201237	NA	0.5	0.190946076569883	NA	14.4954762716989	7.08703354570202	7.40844272599689	0.147341702988152	0.852658297011848	0.0317016626825359	res	Turdus
Turdus_leucops	real	0.54960683339987	1	0.576950338082049	NA	0.5	0.0343309672970576	NA	0.5	0.171932947561207	NA	14.5707355057124	7.1422558904834	7.42847961522903	0.12223543127297	0.87776456872703	0.0198023406825858	res	Turdus
Turdus_libonyana	real	0.403904270731732	1	0.600113257449976	NA	0.5	0.0261905008571379	NA	0.5	0.382090698188856	NA	14.0094123611714	7.05353351961097	6.9558788415604	0.117703337325375	0.882296662674625	0.297483103494551	res	Turdus
Turdus_ludoviciae	real	0.010390959221841	1	0.404125533528395	NA	0.5	0	NA	0.5	0	NA	9.88146147140333	5.656113374588	4.22534809681533	0.941057345752071	0.0589426542479292	0.98663044712504	res	Turdus
Turdus_maculirostris	real	0.259394865274234	1	0.509635855530407	NA	0.5	0.0442158003707209	NA	0.5	0.154312577731641	NA	13.5864294429999	7.14681528585925	6.43961415714064	0.317447727220514	0.682552272779486	0.645756528215567	res	Turdus
Turdus_maximus	real	0.250161532299761	0.5	0.230469933924268	NA	0.5	0.170461587007697	NA	0.5	0.0020177610176727	NA	13.326870362103	7.21132236538622	6.11554799671679	0.325751376955949	0.674248623044051	0.655964999732658	mig	Turdus
Turdus_maximus	hypo_br	0.247374389132131	0.5	0.19373452905532	NA	1	0.274127997276423	NA	0.5	0.0220874870080263	NA	NA	NA	NA	0.293362492703942	0.706637507296058	0.628308520983029	mig	Turdus
Turdus_maximus	hypo_wi	0.240467573974742	0.5	0.21051413928332	NA	1	0.38337105153187	NA	0.5	0.0089233136654856	NA	NA	NA	NA	0.339907211718274	0.660092788281726	0.694750321299787	mig	Turdus
Turdus_menachensis	real	0.220329064482579	1	0.336291561036782	NA	0.5	0	NA	0.5	0.0553336702720663	NA	14.6266940124765	7.61191637975033	7.01477763272615	0.49180958365292	0.50819041634708	0.688906709181302	res	Turdus
Turdus_merula	real	0.347808613020454	0.5	0.225891653204055	NA	0.5	0.0307777973718205	NA	0.5	0.129721121075748	NA	13.4937820455826	6.57252749964688	6.92125454593575	0.337464225006894	0.662535774993106	0.110319778736776	mig	Turdus
Turdus_merula	hypo_br	0.314516613946332	0.5	0.21136415093057	NA	1	0.410223386993577	NA	0.5	0.181025144094958	NA	NA	NA	NA	0.327327915954012	0.672672084045988	0.196357280899515	mig	Turdus
Turdus_merula	hypo_wi	0.279070845352147	0.5	0.154311944007187	NA	0.5	0.0779095423746634	NA	0.5	0.0955907989016476	NA	NA	NA	NA	0.501818574397006	0.498181425602994	0.23311296533651	mig	Turdus
Turdus_migratorius	real	0.303450387234394	0.5	0.151559608854875	NA	0.5	0.00926040960352059	NA	0.5	0.151290228131058	NA	14.6078390831005	7.21730593587568	7.39053314722485	0.277875881543957	0.722124118456043	0.291187963744823	mig	Turdus
Turdus_migratorius	hypo_br	0.162255682186604	0.5	0.114918631322819	NA	0.5	0.0160383407100904	NA	1	0.201582698108223	NA	NA	NA	NA	0.5147422145344	0.4852577854656	0.64817440611181	mig	Turdus
Turdus_migratorius	hypo_wi	0.277030792848061	0.5	0.0870130397397301	NA	1	0.288763848788638	NA	0.5	0.0426635049937295	NA	NA	NA	NA	0.688011720780099	0.311988279219901	0.337188587932693	mig	Turdus
Turdus_mupinensis	real	0.0163232896252967	1	0.180986883664621	NA	1	0.331039479150528	NA	0.5	0	NA	12.2106298064648	6.26046658575337	5.95016322071138	0.927559957315007	0.0724400426849929	0.953760703380655	mig	Turdus
Turdus_mupinensis	hypo_br	0.0126778910483726	1	0.223964626217883	NA	0.5	0	NA	1	0.117589201060249	NA	NA	NA	NA	0.958507165304613	0.0414928346953869	0.964326680960699	mig	Turdus
Turdus_mupinensis	hypo_wi	0.0138853605838759	1	0.201364389352701	NA	0.5	0	NA	1	0.0157556967147252	NA	NA	NA	NA	0.936186777465228	0.0638132225347717	0.958237241376427	mig	Turdus
Turdus_naumanni	real	0.225424511736044	1	0.296061670983183	NA	0.5	0	NA	0.5	0.154998266005579	NA	12.1630247695946	5.84384774776682	6.31917702182777	0.460959853337396	0.539040146662604	0.68863426172591	mig	Turdus
Turdus_naumanni	hypo_br	0.00269564231479469	1	0.191513330218074	NA	0.5	0	NA	0.5	0.00159095799425302	NA	NA	NA	NA	0.978937852029611	0.0210621479703893	0.994555357565024	mig	Turdus
Turdus_naumanni	hypo_wi	0	1	0.19382924229286	NA	1	0	NA	1	0	NA	NA	NA	NA	1	0	1	mig	Turdus
Turdus_nigrescens	real	0.0152375608939002	1	0.173838398629846	NA	1	0.0964590910963166	NA	0.5	0	NA	13.5668611129636	6.8656225856776	6.70123852728599	0.953674295673175	0.0463257043268254	0.943936770302737	res	Turdus
Turdus_nigriceps	real	0.279962321851697	1	0.343198909894209	NA	0.5	0	NA	0.5	0.101224281454519	NA	14.095795370735	7.17779924422407	6.91799612651097	0.34779496707534	0.65220503292466	0.471815688694004	mig	Turdus
Turdus_nigriceps	hypo_br	0.141951853418164	1	0.320124295607357	NA	0.5	0.00437473127470722	NA	0.5	0	NA	NA	NA	NA	0.182453297684746	0.817546702315254	0.503623808572137	mig	Turdus
Turdus_nigriceps	hypo_wi	0.165794505179077	1	0.254840114669835	NA	1	0.391122318892927	NA	1	0.439047202012422	NA	NA	NA	NA	0.511850716102462	0.488149283897538	0.762517537394885	mig	Turdus
Turdus_nudigenis	real	0.380640989838051	1	0.478756199640821	NA	0.5	0.21585622243655	NA	0.5	0.0441842947414828	NA	13.9688854030988	6.88341187358678	7.08547352951205	0.189281141285144	0.810718858714856	0.156208122507756	res	Turdus
Turdus_obscurus	real	0.333752423125701	1	0.362967185561901	NA	0.5	0.111246503985431	NA	0.5	0.277003699274427	NA	13.7631640133244	6.5364788298046	7.22668518351985	0.271424242604687	0.728575757395313	0.0116202088682338	mig	Turdus
Turdus_obscurus	hypo_br	0.474828935194893	0.5	0.267855248089479	NA	0.5	0.239642797259284	NA	0.5	0	NA	NA	NA	NA	0.381061965443653	0.618938034556347	0.162332654376376	mig	Turdus
Turdus_obscurus	hypo_wi	0	1	0.169920659620113	NA	1	0.197875826402198	NA	1	0	NA	NA	NA	NA	1	0	1	mig	Turdus
Turdus_obsoletus	real	0.590892401371573	0.5	0.484490159823937	NA	0.5	0.194501263211086	NA	0.5	0.000718193275467849	NA	14.071401604884	7.06724074204901	7.00416086283502	0.056199099982756	0.943800900017244	0.0999220829493577	res	Turdus
Turdus_olivaceus	real	0.592737614938806	1	0.612611284762079	NA	0.5	0.00315091722826277	NA	0.5	0.0470493410490939	NA	13.6138002013702	6.75900915928127	6.85479104208893	0.112923946111607	0.887076053888393	0.0819388788507899	res	Turdus
Turdus_olivater	real	0.260241468861105	1	0.588294415033302	NA	0.5	0.0118493605105997	NA	0.5	0.127352828944585	NA	13.9980734112735	7.46150406993956	6.53656934133398	0.00350536675118404	0.996494633248816	0.383647563026292	res	Turdus
Turdus_pallidus	real	0.0869416168823436	1	0.544501175146486	NA	0.5	0.00392064681656268	NA	0.5	0.0225145982865104	NA	12.1945763118486	6.74648405418503	5.44809225766361	0.0396764507340287	0.960323549265971	0.714115328289763	mig	Turdus
Turdus_pallidus	hypo_br	0.00430459610769907	1	0.583013569995311	NA	0.5	0	NA	1	0.0153393512902126	NA	NA	NA	NA	0.989988698898797	0.0100113011012025	0.987903307476777	mig	Turdus
Turdus_pallidus	hypo_wi	0.00101532897470824	1	0.103471666643881	NA	1	0.138126410825598	NA	1	0.0163855711558363	NA	NA	NA	NA	0.992672630572252	0.00732736942774782	0.99571815074506	mig	Turdus
Turdus_pelios	real	0.735918568217845	1	0.738970666629512	NA	0.5	0.343727925149008	NA	0.5	0.080207357177902	NA	15.4968423558876	7.74495001084347	7.7518923450441	0	1	0.0139830923052626	res	Turdus
Turdus_philomelos	real	0.286224918007377	1	0.420409017418795	NA	0.5	0.0148027764107271	NA	0.5	0.143075479900116	NA	13.5544903062255	6.33486114052895	7.2196291656966	0.45846543155562	0.54153456844438	0.0592389794533329	mig	Turdus
Turdus_philomelos	hypo_br	0.109023583255534	1	0.17354555607787	NA	0.5	0	NA	1	0.160986987194094	NA	NA	NA	NA	0.676768300399881	0.323231699600119	0.458209958998763	mig	Turdus
Turdus_philomelos	hypo_wi	0.057030357568009	1	0.0627961254913505	NA	0.5	0.00917361750585888	NA	0.5	0.0217192846376213	NA	NA	NA	NA	0.974268110707034	0.0257318892929657	0.934025916112349	mig	Turdus
Turdus_pilaris	real	0.21425704609079	0.5	0.15662582734651	NA	0.5	0.0017447650470247	NA	0.5	0.0415910964591549	NA	13.5458495909392	6.63471574055064	6.91113385038852	0.665213594136776	0.334786405863224	0.411897767616706	mig	Turdus
Turdus_pilaris	hypo_br	0.135196665605722	0.5	0.110519556946139	NA	1	0.283148293378395	NA	0.5	0.00168328628907732	NA	NA	NA	NA	0.856739452553107	0.143260547446893	0.766528133722337	mig	Turdus
Turdus_pilaris	hypo_wi	0.0257299197004901	1	0.0787712002466356	NA	1	0.204031127323554	NA	0.5	0.0178483906460372	NA	NA	NA	NA	0.980823838620763	0.0191761613792366	0.959957644137189	mig	Turdus
Turdus_plebejus	real	0.161224783611813	1	0.244349348894702	NA	1	0.221695167027625	NA	1	0.253516892229898	NA	15.3154327454463	7.52230845462331	7.79312429082295	0.780046037331166	0.219953962668834	0.69268223282624	res	Turdus
Turdus_plumbeus	real	0.0420333514141586	1	0.222908391439303	NA	0.5	0.0153844655152214	NA	0.5	0.0298661875524546	NA	12.7264132354446	6.17618541763588	6.55022781780867	0.97166009530617	0.0283399046938295	0.914791061968259	res	Turdus
Turdus_poliocephalus	real	0.767933283023169	0.5	0.756625514639911	NA	0.5	0	NA	0.5	0.00389121327287056	NA	12.7393172561353	6.37447098969303	6.36484626644223	0.0281807209234444	0.971819279076556	0.0101066484092706	res	Turdus
Turdus_reevei	real	0.128291464687579	1	0.616585034721903	NA	0.5	0	NA	0.5	0.0133168833474085	NA	12.2455331935567	6.8465452895129	5.39898790404379	0.402070826627512	0.597929173372488	0.892106264643495	res	Turdus
Turdus_roehli	real	0.0304822027684596	1	0.630637581020344	NA	0.5	0	NA	0.5	0	NA	9.34562432941655	4.80886010167884	4.53676422773771	0.962595558940512	0.0374044410594883	0.961212359509646	res	Turdus
Turdus_rubrocanus	real	0.118173225368362	1	0.177956716426501	NA	0.5	0	NA	0.5	0.0311236647506615	NA	12.7514780089676	6.63233310963769	6.11914489932995	0.397924410404996	0.602075589595004	0.3981188601499	mig	Turdus
Turdus_rubrocanus	hypo_br	0.0508735755377457	1	0.218004269971387	NA	1	0.173998785892362	NA	0.5	0.0428774193899855	NA	NA	NA	NA	0.295785114805354	0.704214885194646	0.562900625119484	mig	Turdus
Turdus_rubrocanus	hypo_wi	0.082048725972753	1	0.185000951885625	NA	0.5	0	NA	0.5	0.0236322587546807	NA	NA	NA	NA	0.557177818880383	0.442822181119617	0.579650604070612	mig	Turdus
Turdus_ruficollis	real	0.138826220663761	1	0.292225117590879	NA	0.5	0.0414935181958042	NA	1	0.177898638501522	NA	13.3819371499168	6.69476029704733	6.68717685286943	0.558080730717801	0.441919269282199	0.529700794498527	mig	Turdus
Turdus_ruficollis	hypo_br	0.180901909531058	1	0.20854885391223	NA	0.5	0.019878629791743	NA	1	0.24155864721513	NA	NA	NA	NA	0.036081134115769	0.963918865884231	0.684631677946435	mig	Turdus
Turdus_ruficollis	hypo_wi	0	1	0.114631779598602	NA	1	0	NA	1	0	NA	NA	NA	NA	1	0	1	mig	Turdus
Turdus_rufiventris	real	0.456597574498087	0.5	0.399871598744368	NA	0.5	0.396886923021214	NA	0.5	0.0177109564144915	NA	13.9994384485739	7.18189576733493	6.81754268123894	0.0432509758099578	0.956749024190042	0.278044180645916	res	Turdus
Turdus_rufopalliatus	real	0.000327387110849231	1	0.15972748369326	NA	0.5	0	NA	1	0.0288436950731696	NA	12.577189277557	6.71384392396792	5.86334535358912	0.982901488088173	0.0170985119118265	0.994560478445497	res	Turdus
Turdus_sanchezorum	real	0.385820171436437	1	0.621500925262001	NA	0.5	0.217010251683753	NA	0.5	0.187586666284803	NA	12.1475332085557	6.01396206876521	6.13357113979048	0.264857773471577	0.735142226528423	0.166479476911831	res	Turdus
Turdus_serranus	real	0.42162860536222	1	0.498874184641628	NA	0.5	0.00689687243890902	NA	0.5	0.222689420431946	NA	14.9670222642876	7.57916877556279	7.38785348872483	0.049003883209162	0.950996116790838	0.103468082929136	res	Turdus
Turdus_simillimus	real	0.206121184907839	1	0.321548844350203	NA	1	0.220270244937778	NA	1	0.297908508371549	NA	15.1264155154888	7.9448417123107	7.18157380317814	0.00558647890917841	0.994413521090822	0.449785172285512	mig	Turdus
Turdus_simillimus	hypo_br	0.250104442129494	1	0.294179935916338	NA	0.5	0.172488868295616	NA	0.5	0.245391214479984	NA	NA	NA	NA	0.00933496757203165	0.990665032427968	0.379542581903842	mig	Turdus
Turdus_simillimus	hypo_wi	0.215064357949988	1	0.272178361622882	NA	0.5	0.111646371196041	NA	1	0.300405894630256	NA	NA	NA	NA	0.0103318545531542	0.989668145446846	0.454206119124544	mig	Turdus
Turdus_smithi	real	0.510026622458208	0.5	0.457662968239737	NA	0.5	0.0485325040588956	NA	1	0.525449001650146	NA	13.6409356783846	6.90692458841957	6.73401108996504	0.143058232255068	0.856941767744932	0.287835774939853	res	Turdus
Turdus_subalaris	real	0.073941798568445	1	0.427201233682386	NA	0.5	0	NA	0.5	0.0203926986892892	NA	12.350163964121	6.28859830943142	6.06156565468956	0.85942770503251	0.14057229496749	0.873080113474326	mig	Turdus
Turdus_subalaris	hypo_br	0.00738778434689502	1	0.435377419242808	NA	1	0.0454380158471802	NA	1	0.24945841225399	NA	NA	NA	NA	0.968185633388336	0.0318143666116637	0.994139335650776	mig	Turdus
Turdus_subalaris	hypo_wi	0.0290890398885634	1	0.316854736649359	NA	0.5	0.0090759101186797	NA	0.5	0	NA	NA	NA	NA	0.944115942610256	0.0558840573897437	0.961312948890181	mig	Turdus
Turdus_tephronotus	real	0.517415951792692	1	0.743820056798862	NA	0.5	0.252816192484859	NA	0.5	0.00750441577754724	NA	13.1452699289014	6.84184986384695	6.30342006505442	0.0933933792335256	0.906606620766474	0.267141546120591	res	Turdus
Turdus_torquatus	real	0.386716584731969	0.5	0.297114920215447	NA	0.5	0	NA	0.5	0.270316324168206	NA	13.4235288176879	6.55355238185833	6.86997643582957	0.475162518982399	0.524837481017601	0.437190137841876	mig	Turdus
Turdus_torquatus	hypo_br	0.0293258945239985	1	0.208254589997213	NA	0.5	1.11022302462516e-16	NA	1	0.146290595514739	NA	NA	NA	NA	0.824741891438821	0.175258108561179	0.852144689332392	mig	Turdus
Turdus_torquatus	hypo_wi	0.0670435420547684	1	0.127429284124176	NA	0.5	0	NA	0.5	0	NA	NA	NA	NA	0.870620340214004	0.129379659785996	0.812737839043545	mig	Turdus
Turdus_unicolor	real	0.358585294332156	0.5	0.271124053374214	NA	0.5	0.197952057627085	NA	0.5	8.00241160352488e-05	NA	13.5356824113424	7.43294173661302	6.10274067472933	0.0315887471155095	0.96841125288449	0.478617187139239	mig	Turdus
Turdus_unicolor	hypo_br	0.0266105991811615	1	0.150556436273967	NA	0.5	0.0177243002246844	NA	1	0.132736168404199	NA	NA	NA	NA	0.0715506128484284	0.928449387151572	0.904675381936655	mig	Turdus
Turdus_unicolor	hypo_wi	0.183396039941116	0.5	0.141775351911547	NA	1	0.184694776002696	NA	0.5	0	NA	NA	NA	NA	0.367235155919827	0.632764844080173	0.799177531412809	mig	Turdus
