Species	Comparison	D.obs	eq.P	eq.mean.sim	eq.se.sim	si12.P	si12.mean.sim	si12.se.sim	si21.P	si21.mean.sim	si21.se.sim	an_breadth	Br_breadth	Wi_breadth	Niche_expansion	Niche_stability	Niche_unfilling
Agriornis_albicauda	real	0.345947534572414	1	0.517335053582985	NA	0.5	0.272854362730706	NA	0.5	0.0375304965508394	NA	15.8676871881157	8.09985503429518	7.76783215382054	0.038458133765253	0.961541866234747	0.212089403356572
Agriornis_lividus	real	0.449734472320894	0.5	0.43998912245862	NA	0.5	0	NA	0.5	0	NA	15.2622211753076	7.67390974846288	7.58831142684474	0.317507271202341	0.682492728797659	0.152684631312561
Agriornis_micropterus	real	0.46093460419986	1	0.509596781745105	NA	0.5	0.0951043552875305	NA	0.5	0.0375018217326782	NA	15.8325939049264	7.66492686856677	8.1676670363596	0.3160199385589	0.6839800614411	0.0528397838249648
Agriornis_micropterus	hypo_br	0.493690895268222	1	0.525707128062034	NA	0.5	0.21330963947929	NA	0.5	0.338675800535889	NA	NA	NA	NA	0.216974921521921	0.783025078478079	0.200374094802008
Agriornis_micropterus	hypo_wi	0.395781166843711	1	0.46989326523367	NA	0.5	0.0342989743997142	NA	0.5	0.00283053062225591	NA	NA	NA	NA	0.416215573520151	0.583784426479849	0.103437935401415
Agriornis_montanus	real	0.435834150101355	1	0.465534772001385	NA	0.5	0	NA	0.5	0.00930338565874744	NA	16.4449837635901	7.93940028095705	8.5055834826331	0.309229824779219	0.690770175220781	0.026548790981558
Agriornis_montanus	hypo_br	0.433046170209249	1	0.483025027341745	NA	0.5	0.0610149226188694	NA	0.5	0.0409246323628938	NA	NA	NA	NA	0.309054989599804	0.690945010400196	0.0629339253029413
Agriornis_montanus	hypo_wi	0.372186031468516	1	0.431127989251625	NA	0.5	0.252841594988734	NA	0.5	0.00690396325651121	NA	NA	NA	NA	0.41678212136783	0.58321787863217	0.094902949067193
Agriornis_murinus	real	0.35933986631066	1	0.52486025209509	NA	1	0.477201111876202	NA	0.5	0.236778413378848	NA	15.0492324964091	7.48458330172652	7.56464919468262	0.252185014914744	0.747814985085256	0.344779202931972
Agriornis_murinus	hypo_br	0.27179097436381	1	0.618431958015802	NA	0.5	0.254034795382208	NA	0.5	0.125610818602288	NA	NA	NA	NA	0.239836590886395	0.760163409113605	0.432524151281489
Agriornis_murinus	hypo_wi	0.34028790374637	1	0.538023639016913	NA	0.5	0.00145979437601829	NA	0.5	0.0128901019381501	NA	NA	NA	NA	0.349048240144293	0.650951759855707	0.399363343980064
Cnemarchus_erythropygius	real	0.403523843387111	1	0.468973629059967	NA	0.5	0.0823490982885134	NA	0.5	0.216090452652077	NA	15.3753986228887	7.47065424419168	7.90474437869699	0.224762372040269	0.775237627959731	0.000209502171650505
Heteroxolmis_dominicana	real	0.441770616221735	1	0.568453574723517	NA	0.5	0	NA	0.5	0	NA	13.5375772862265	6.8554790796818	6.68209820654475	0.201062035911551	0.798937964088449	0.359899743596201
Hymenops_perspicillatus	real	0.29355512734252	1	0.549963584325014	NA	1	0.494965391433415	NA	0.5	0.27839767649713	NA	15.8178823877828	7.71080518992841	8.10707719785444	0.224367014752071	0.775632985247929	0.122311494056956
Hymenops_perspicillatus	hypo_br	0.338522222899543	1	0.524399197209455	NA	1	0.617163409886418	NA	0.5	0.225827771800853	NA	NA	NA	NA	0.178068221720225	0.821931778279775	0.118138914310993
Hymenops_perspicillatus	hypo_wi	0.234373486417791	1	0.540118149534753	NA	0.5	0.177763682896631	NA	1	0.26302461154272	NA	NA	NA	NA	0.283204609652993	0.716795390347007	0.631534006324638
Knipolegus_aterrimus	real	0.308078638309878	1	0.562879487602217	NA	0.5	0.0233676808150476	NA	1	0.464235099141154	NA	15.8510277568642	7.76841666163894	8.08261109522527	0.264071259809981	0.73592874019002	0.324849413185673
Knipolegus_aterrimus	hypo_br	0.377390258551472	1	0.545309933658346	NA	0.5	0.375876384547834	NA	0.5	0.131340501335143	NA	NA	NA	NA	0.223908921624042	0.776091078375958	0.348937110451198
Knipolegus_aterrimus	hypo_wi	0.272437963216275	1	0.609355204383799	NA	0.5	0.032833363910678	NA	0.5	0.0529503125823566	NA	NA	NA	NA	0.199938426013256	0.800061573986744	0.489737687687977
Knipolegus_cyanirostris	real	0.244288118476275	1	0.603779478456405	NA	0.5	0	NA	0.5	0.0290922300220028	NA	13.8089335986833	6.65689589921049	7.15203769947285	0.554814765705934	0.445185234294066	0.214655844012996
Knipolegus_cyanirostris	hypo_br	0.237519011387708	1	0.591360117731923	NA	0.5	0.166955006724343	NA	0.5	0.117234137195849	NA	NA	NA	NA	0.557436800584412	0.442563199415588	0.324149251253598
Knipolegus_cyanirostris	hypo_wi	0.156811826506785	1	0.654878549996875	NA	0.5	0	NA	0.5	0.002227201485134	NA	NA	NA	NA	0.681955675449112	0.318044324550888	0.491954588479888
Knipolegus_franciscanus	real	0.000889767078997239	1	0.628866954003523	NA	1	0.0377306261183109	NA	0.5	0	NA	10.8425203516714	4.81042245255408	6.03209789911731	0.997944863233654	0.00205513676634573	0.99551831883011
Knipolegus_lophotes	real	0.826445549117768	0.5	0.802248277131605	NA	0.5	0.458089309388389	NA	0.5	0.350305366399478	NA	14.4592357369428	7.29222163135353	7.16701410558925	0.0108059299840585	0.989194070015942	0.0322188897080261
Knipolegus_orenocensis	real	0.549123244755905	0.5	0.367933480966286	NA	0.5	0.459205954852147	NA	0.5	0.274931414486732	NA	11.9121616967501	5.89102172631743	6.02113997043265	0.0805792375647898	0.91942076243521	0.0257376340494512
Knipolegus_poecilocercus	real	0.608763240652155	0.5	0.511666444569578	NA	0.5	0.309840547638676	NA	0.5	0.0130331852898032	NA	12.1714790710248	6.22083896005283	5.95064011097202	0.0196544363482995	0.980345563651701	0.0731765502167277
Knipolegus_poecilurus	real	0.54480468289465	0.5	0.533348573394562	NA	0.5	0.344266583780066	NA	0.5	0.0335706080882789	NA	15.2052363164723	7.71282687632999	7.49240944014227	0.0138942740001822	0.986105725999818	0.0942141698079558
Knipolegus_signatus	real	0.592194143282507	1	0.714322691429312	NA	0.5	0.589850351366294	NA	0.5	0.333900945833053	NA	15.1263544763762	7.43231433232339	7.69404014405279	0.127528125383628	0.872471874616372	0.0532407753569617
Knipolegus_striaticeps	real	0.122509877717865	1	0.62950192942703	NA	1	0.157301323013749	NA	1	0.166103417707001	NA	13.8555491821604	6.57783018406157	7.27771899809887	0.576489541068857	0.423510458931143	0.692142742764662
Knipolegus_striaticeps	hypo_br	0.132119967829713	1	0.689610902670837	NA	0.5	0	NA	0.5	0.100540214599284	NA	NA	NA	NA	0.507976314642411	0.492023685357589	0.680512244841517
Knipolegus_striaticeps	hypo_wi	0.123825249035832	1	0.642995472461459	NA	1	0.314893380322063	NA	0.5	0.0354218145469779	NA	NA	NA	NA	0.569623445937274	0.430376554062726	0.692142742764662
Lessonia_oreas	real	0.581157825974205	0.5	0.548120165164604	NA	0.5	0.0348319001546891	NA	0.5	0.0043216198899263	NA	15.7894819011006	7.85865190762311	7.93082999347747	0.138042056413057	0.861957943586943	0.0831766094536924
Lessonia_rufa	real	0.149315116570445	1	0.735036978794088	NA	1	0.425409905633615	NA	1	0.188806861750649	NA	15.4527032751451	7.92485142412945	7.52785185101568	0.555586525441341	0.444413474558659	0.603934680800388
Lessonia_rufa	hypo_br	0.775096545617174	0.5	0.707368192798448	NA	0.5	0.602947773541422	NA	0.5	0.11676124548698	NA	NA	NA	NA	0.0072632319694779	0.992736768030522	0.0545515744355574
Lessonia_rufa	hypo_wi	0.792806602973153	1	0.819951201453322	NA	0.5	0	NA	0.5	0	NA	NA	NA	NA	0.022968627018215	0.977031372981785	0.0075515151416169
Muscisaxicola_albifrons	real	0.387945328715829	1	0.517174567710982	NA	0.5	0.0333933995612777	NA	0.5	0.0513142619498388	NA	14.8575547068228	7.44004073751751	7.41751396930533	0.312987907512388	0.687012092487612	0.282718637686644
Muscisaxicola_albilora	real	0.260759959867188	1	0.457765585670546	NA	0.5	0.0229108907674074	NA	0.5	0.00334627805084176	NA	15.7584536042366	7.48895545085168	8.26949815338493	0.504337012123247	0.495662987876753	0.0393742067137224
Muscisaxicola_albilora	hypo_br	0.539252688862319	0.5	0.484737010145472	NA	0.5	0.262468363628403	NA	0.5	0.0125755756721576	NA	NA	NA	NA	0.147449064216286	0.852550935783714	0.0375341434172428
Muscisaxicola_albilora	hypo_wi	0.342508953017133	1	0.434263350837816	NA	0.5	0	NA	0.5	0	NA	NA	NA	NA	0.389773073567621	0.610226926432379	0.206836998313832
Muscisaxicola_alpinus	real	0.688204481184415	1	0.831951382213307	NA	0.5	0.239945418221557	NA	0.5	0.21759958955844	NA	13.2608554050553	6.59060455292319	6.67025085213216	0.152457755776408	0.847542244223592	0.109681925654841
Muscisaxicola_capistratus	real	0.180416512522266	1	0.455992999006908	NA	0.5	0.00216521674964054	NA	1	0.20112496227072	NA	15.4767932869183	7.18156877003098	8.29522451688731	0.481214520889051	0.518785479110949	0
Muscisaxicola_capistratus	hypo_br	0.525521687509307	0.5	0.477002170917693	NA	0.5	0.0151629479213555	NA	0.5	0.0139124285839337	NA	NA	NA	NA	0.190816791160621	0.809183208839379	0.111204469244271
Muscisaxicola_capistratus	hypo_wi	0.379591275880072	1	0.444653381962533	NA	0.5	0.00316478328976444	NA	0.5	0	NA	NA	NA	NA	0.414005716558655	0.585994283441345	0.243164136256478
Muscisaxicola_cinereus	real	0.384598231950823	1	0.475661461361917	NA	0.5	0.0406393271443275	NA	0.5	0.00158090579848813	NA	15.9179367613778	7.82729356054148	8.09064320083634	0.33172185247064	0.66827814752936	0.113419382635679
Muscisaxicola_cinereus	hypo_br	0.498652970560395	1	0.512517568590375	NA	0.5	0.058659472615641	NA	0.5	0.00298283888540918	NA	NA	NA	NA	0.225364636356464	0.774635363643537	0.0877917555429792
Muscisaxicola_cinereus	hypo_wi	0.467625519081954	1	0.593560912119687	NA	0.5	0.0998120973598414	NA	0.5	0.00127875711683689	NA	NA	NA	NA	0.268921374807584	0.731078625192416	0.179907442926557
Muscisaxicola_flavinucha	real	0.241034716726468	1	0.458176570219841	NA	0.5	0.000544591974600994	NA	1	0.26143923426029	NA	15.5401951506124	7.65571985545173	7.8844752951607	0.460399021163044	0.539600978836956	0.400459183370563
Muscisaxicola_flavinucha	hypo_br	0.438699356404396	1	0.464098585297304	NA	0.5	0.121557395866385	NA	0.5	0.00322657603964049	NA	NA	NA	NA	0.26842608974255	0.73157391025745	0.129542490327576
Muscisaxicola_flavinucha	hypo_wi	0.148172660813147	1	0.343947552542662	NA	0.5	0	NA	0.5	0	NA	NA	NA	NA	0.788344236438911	0.211655763561089	0.67747521030663
Muscisaxicola_fluviatilis	real	0.207235609059755	1	0.429485351743941	NA	0.5	0.0363093069102267	NA	0.5	0.00227362302362666	NA	12.7325871633858	6.81460241278628	5.91798475059954	0.0669842087498155	0.933015791250185	0.46384446923785
Muscisaxicola_frontalis	real	0.172049132715386	1	0.345799603834375	NA	0.5	0.0106570439075714	NA	0.5	0	NA	15.1079057140968	7.4250252565455	7.68288045755133	0.617753743298965	0.382246256701035	0.322756632961481
Muscisaxicola_frontalis	hypo_br	0.316316889698221	1	0.406872772177315	NA	0.5	0.0251630091509442	NA	0.5	0	NA	NA	NA	NA	0.433742331254188	0.566257668745812	0.279974855103966
Muscisaxicola_frontalis	hypo_wi	0.206117048133193	1	0.415895343334897	NA	1	0.25979003307002	NA	0.5	0	NA	NA	NA	NA	0.640217235516769	0.359782764483231	0.645196072965467
Muscisaxicola_griseus	real	0.328339268681108	1	0.518634802596833	NA	0.5	0.114637557829577	NA	0.5	0.0249579735961265	NA	15.3005884306277	7.62027906781842	7.68030936280924	0.234613182306448	0.765386817693552	0.220377710775616
Muscisaxicola_juninensis	real	0.607600211733667	0.5	0.505022006420101	NA	0.5	0.073504241417253	NA	0.5	0	NA	15.2665149869411	7.61558104457092	7.65093394237015	0.134224405579219	0.865775594420781	0.0512496054257914
Muscisaxicola_maclovianus	real	0.526574009976793	1	0.583632430767416	NA	0.5	0.166344730213677	NA	0.5	0.0519319455743451	NA	16.0544077645995	7.7327384376348	8.32166932696469	0.255716342756469	0.744283657243531	0.00193781773760472
Muscisaxicola_maclovianus	hypo_br	0.705284316643346	0.5	0.66689814363251	NA	0.5	0.0698801366748935	NA	0.5	0.244716881311076	NA	NA	NA	NA	0.052254047266002	0.947745952733998	0.0258079912659018
Muscisaxicola_maclovianus	hypo_wi	0.592328028205681	0.5	0.565721340947502	NA	0.5	0	NA	0.5	0.000495257650652281	NA	NA	NA	NA	0.143743929392036	0.856256070607964	0.103915607791008
Muscisaxicola_maculirostris	real	0.466698578341232	1	0.513948383587099	NA	0.5	0.22349332536142	NA	0.5	0.0346461403214875	NA	16.2544517951502	7.93818695070497	8.31626484444526	0.239518818971494	0.760481181028506	0.0499983025071304
Muscisaxicola_maculirostris	hypo_br	0.439993637700446	1	0.522097509430966	NA	0.5	0.301558601859902	NA	0.5	0.150782807000901	NA	NA	NA	NA	0.216937178783766	0.783062821216234	0.055979738756146
Muscisaxicola_maculirostris	hypo_wi	0.357288909171413	1	0.428983357618786	NA	0.5	0.296347466353157	NA	0.5	0.257023470633808	NA	NA	NA	NA	0.443143808232941	0.556856191767059	0.0899906591101911
Muscisaxicola_rufivertex	real	0.56806245495628	0.5	0.515579396339238	NA	0.5	0.13445288670164	NA	0.5	0.223898495275531	NA	15.5473208156121	7.68569204786808	7.86162876774407	0.151088628217514	0.848911371782487	0.053328384409028
Myiotheretes_fumigatus	real	0.426152922743241	1	0.627495604190813	NA	0.5	0.210477877024648	NA	0.5	0.123610300669132	NA	14.5643921051332	7.64131746803236	6.92307463710082	0.0135602687241439	0.986439731275856	0.318006138913394
Myiotheretes_fuscorufus	real	0.593441910256718	0.5	0.587093457713809	NA	0.5	0.168594999022836	NA	0.5	0	NA	14.9290391481291	7.21117542236029	7.71786372576879	0.395064353414392	0.604935646585608	0.043452444503698
Myiotheretes_striaticollis	real	0.64529231868732	1	0.686726056422528	NA	0.5	0.534150181232759	NA	0.5	0.494309878096794	NA	16.2603804119166	8.04017875256617	8.2202016593504	0.0881702200452616	0.911829779954738	0.0332071033628978
Neoxolmis_rufiventris	real	0.488333611898394	1	0.583056791895836	NA	0.5	0.16681312685263	NA	0.5	0.103108730387452	NA	14.0375772599373	6.93942250625714	7.09815475368015	0.259305563650293	0.740694436349707	0.277495820974665
Neoxolmis_rufiventris	hypo_br	0.0311699266039521	1	0.528952708504107	NA	0.5	0.00539602495112945	NA	0.5	0.00648789950479711	NA	NA	NA	NA	0.908189379094733	0.0918106209052672	0.959193084744508
Neoxolmis_rufiventris	hypo_wi	0.0429611478229218	1	0.367421927224725	NA	0.5	0	NA	0.5	0	NA	NA	NA	NA	0.91819731679291	0.0818026832070901	0.955281804315065
Polioxolmis_rufipennis	real	0.175900625766688	1	0.355436707753137	NA	0.5	0.0108205709397693	NA	0.5	0	NA	15.007647554176	7.44337797652603	7.56426957764993	0.550326060568043	0.449673939431957	0.455714023363869
Satrapa_icterophrys	real	0.572301195023927	1	0.63288040392594	NA	0.5	0.105044920556626	NA	0.5	0.507023379282379	NA	14.5982898681738	6.99873938545849	7.59955048271533	0.0929150919936926	0.907084908006307	0.000779596344153738
Satrapa_icterophrys	hypo_br	0.594903757602967	1	0.656953689910387	NA	0.5	0.123312092374363	NA	0.5	0.333723510765677	NA	NA	NA	NA	0.0892479016394635	0.910752098360536	0.0010555243282622
Satrapa_icterophrys	hypo_wi	0.580126966215933	1	0.647951473285551	NA	0.5	1.88234652163111e-05	NA	1	0.607837886132896	NA	NA	NA	NA	0.0899489506678887	0.910051049332111	0.000965692857762418
Xolmis_cinereus	real	0.363861969487574	1	0.612124225664931	NA	0.5	0.25132353429362	NA	0.5	0.279032651902515	NA	14.3610439479739	6.67668865086634	7.68435529710759	0.33334222150203	0.66665777849797	0.000167378750786237
Xolmis_coronatus	real	0.15715015364014	1	0.675796125463532	NA	0.5	0.0464556949232311	NA	0.5	0.0446555747711004	NA	14.6501919084159	7.27689357051381	7.37329833790209	0.798537673219359	0.201462326780641	0.362278300673569
Xolmis_coronatus	hypo_br	0.603081311454578	1	0.688041936078278	NA	0.5	0.103337916022921	NA	0.5	0.0454874029509232	NA	NA	NA	NA	0.0166071820843594	0.983392817915641	0.123718027687524
Xolmis_coronatus	hypo_wi	0.80502522900351	1	0.837638375360448	NA	0.5	0.316961662938398	NA	0.5	0.124573824609937	NA	NA	NA	NA	0.120681317265974	0.879318682734026	0.0354574373006468
Xolmis_irupero	real	0.791046076121686	0.5	0.667831977796677	NA	0.5	0.62007304423322	NA	0.5	0.341016220507315	NA	15.7212513497188	7.89075051541019	7.83050083430858	0.0175888090571893	0.982411190942811	0.0276655229678014
Xolmis_pyrope	real	0.540254739522803	0.5	0.514866193634773	NA	0.5	0	NA	0.5	0	NA	15.4268913145602	7.68344202835094	7.74344928620925	0.271891433797331	0.728108566202669	0.0986148472402879
Xolmis_pyrope	hypo_br	0.535646267385341	0.5	0.468772485609487	NA	0.5	8.43914676029733e-06	NA	0.5	0	NA	NA	NA	NA	0.272376532983115	0.727623467016885	0.136561110704658
Xolmis_pyrope	hypo_wi	0.515059103676342	0.5	0.477341068414547	NA	0.5	0.0319850003293491	NA	0.5	0	NA	NA	NA	NA	0.312017812790229	0.687982187209771	0.134820531419316
Xolmis_rubetra	real	0.371226941710727	1	0.603275068697153	NA	0.5	0.132374560084624	NA	0.5	0.109286845266079	NA	15.447136247728	7.60143722536009	7.84569902236789	0.270929088076838	0.729070911923162	0.269673256109708
Xolmis_rubetra	hypo_br	0.331293291578858	1	0.61112104198591	NA	1	0.356717970667208	NA	0.5	0.240827949654979	NA	NA	NA	NA	0.272621802893212	0.727378197106788	0.410111287087743
Xolmis_rubetra	hypo_wi	0.268484779277652	1	0.592317377266102	NA	1	0.447391204533616	NA	0.5	0	NA	NA	NA	NA	0.416204355293184	0.583795644706816	0.406816219833427
