Species	Comparison	D.obs	eq.P	eq.mean.sim	eq.se.sim	si12.P	si12.mean.sim	si12.se.sim	si21.P	si21.mean.sim	si21.se.sim	an_breadth	Br_breadth	Wi_breadth	Niche_expansion	Niche_stability	Niche_unfilling	migration	clade
Agriornis_albicauda	real	0.350490139	1	0.380639594	NA	0.5	0.090672517	NA	1	0.396922793	NA	15.38013142	7.648674334	7.73145709	0.147268618	0.852731382	0.175108775	res	Xolmiini
Agriornis_lividus	real	0.105922208	0.0099	0.235698646	NA	1	0.244738633	NA	0.5	0	NA	14.8016626	7.344046255	7.457616349	0.759307547	0.240692453	0.585708666	res	Xolmiini
Agriornis_micropterus	real	0.259243952	0.07921	0.306351704	NA	0.5	0.096308062	NA	0.5	0.009891284	NA	14.98722762	7.150797072	7.836430546	0.713215611	0.286784389	0.513129485	mig	Xolmiini
Agriornis_micropterus	hypo_br	0.294416851	0.0099	0.26252432	NA	0.5	0.28726307	NA	0.5	0.131157612	NA	NA	NA	NA	0.465182673	0.534817327	0.61350634	mig	Xolmiini
Agriornis_micropterus	hypo_wi	0.323879663	0.91089	0.263759947	NA	0.5	0.071237571	NA	0.5	0.056595488	NA	NA	NA	NA	0.61779614	0.38220386	0.535619274	mig	Xolmiini
Agriornis_montanus	real	0.392631452	0.0099	0.255449533	NA	0.5	0.357041442	NA	0.5	0.303090776	NA	15.91491527	7.818503953	8.096411321	0.365933991	0.634066009	0.416641754	mig	Xolmiini
Agriornis_montanus	hypo_br	0.341297745	0.0099	0.288098664	NA	1	0.34815892	NA	0.5	0.055235055	NA	NA	NA	NA	0.408312753	0.591687247	0.47106157	mig	Xolmiini
Agriornis_montanus	hypo_wi	0.347877001	0.0099	0.254770046	NA	0.5	0.048244752	NA	0.5	0.174279845	NA	NA	NA	NA	0.479295698	0.520704302	0.409780108	mig	Xolmiini
Agriornis_murinus	real	0.016420804	1	0.347311235	NA	1	0.02086284	NA	1	0.229281135	NA	14.06952957	6.830113418	7.239416152	0.9865263	0.0134737	0.981089186	mig	Xolmiini
Agriornis_murinus	hypo_br	0.091326676	1	0.234648396	NA	1	0.13410438	NA	0.5	0.028374007	NA	NA	NA	NA	0.762421298	0.237578702	0.852285438	mig	Xolmiini
Agriornis_murinus	hypo_wi	0.020382861	1	0.259249129	NA	0.5	0	NA	1	0.182070276	NA	NA	NA	NA	0.971802802	0.028197198	0.973748978	mig	Xolmiini
Cnemarchus_erythropygius	real	0.431045351	0.76238	0.503659033	NA	0.5	0.142736496	NA	0.5	0.157764305	NA	14.72676033	7.283499997	7.443260329	0.145008055	0.854991945	0.047469134	res	Xolmiini
Heteroxolmis_dominicana	real	0.194694228	0.0099	0.245233587	NA	0.5	0.185045114	NA	0.5	0.004091263	NA	12.51116604	6.389153899	6.122012144	0.606210822	0.393789178	0.664173979	res	Xolmiini
Hymenops_perspicillatus	real	0.038161613	1	0.190094911	NA	0.5	0.002281496	NA	1	0.165055522	NA	14.95149425	7.303799254	7.647694996	0.839749403	0.160250597	0.823004574	mig	Xolmiini
Hymenops_perspicillatus	hypo_br	0.069761	1	0.199272605	NA	0.5	0.034226543	NA	1	0.376681728	NA	NA	NA	NA	0.746400134	0.253599866	0.736661795	mig	Xolmiini
Hymenops_perspicillatus	hypo_wi	0.004606471	1	0.173203682	NA	1	0.094612955	NA	0.5	2.00E-05	NA	NA	NA	NA	0.991707609	0.008292391	0.986529739	mig	Xolmiini
Knipolegus_aterrimus	real	0.246803486	1	0.292439454	NA	0.5	0.113563947	NA	0.5	0.05387854	NA	15.31024594	7.676977577	7.633268367	0.391032142	0.608967858	0.733653001	mig	Xolmiini
Knipolegus_aterrimus	hypo_br	0.240262885	1	0.227126499	NA	0.5	0.211107854	NA	1	0.377781196	NA	NA	NA	NA	0.393474922	0.606525078	0.792982908	mig	Xolmiini
Knipolegus_aterrimus	hypo_wi	0.211859208	1	0.25160837	NA	1	0.227817129	NA	0.5	0.002619387	NA	NA	NA	NA	0.342411805	0.657588195	0.74143623	mig	Xolmiini
Knipolegus_cyanirostris	real	0.14372813	1	0.269666654	NA	1	0.370088724	NA	0.5	0	NA	13.05690218	6.605815661	6.451086518	0.774713134	0.225286866	0.735146404	mig	Xolmiini
Knipolegus_cyanirostris	hypo_br	0.139176954	1	0.249964032	NA	0.5	0.006152519	NA	0.5	0.005606443	NA	NA	NA	NA	0.776677935	0.223322065	0.796930991	mig	Xolmiini
Knipolegus_cyanirostris	hypo_wi	0.073946022	1	0.275976785	NA	0.5	0	NA	0.5	0	NA	NA	NA	NA	0.880131405	0.119868595	0.853747578	mig	Xolmiini
Knipolegus_franciscanus	real	0	1	0.605148328	NA	1	0	NA	1	0.063268463	NA	11.07456376	5.423320661	5.651243102	1	0	1	res	Xolmiini
Knipolegus_lophotes	real	0.696267819	0.77228	0.529384454	NA	0.5	0.453050091	NA	0.5	0.487814359	NA	13.39804628	6.80417464	6.593871642	0.064257771	0.935742229	0.205814474	res	Xolmiini
Knipolegus_orenocensis	real	0.272151201	0.72277	0.20088169	NA	0.5	0	NA	0.5	0.141292663	NA	12.70623797	6.577060178	6.129177793	0.095319719	0.904680281	0.562006677	res	Xolmiini
Knipolegus_poecilocercus	real	0.488587337	0.82178	0.421898806	NA	1	0.502169012	NA	0.5	0.068352647	NA	12.92406307	6.164301567	6.759761499	0.172510435	0.827489565	0.003973567	res	Xolmiini
Knipolegus_poecilurus	real	0.51057761	1	0.648413712	NA	0.5	0.194206321	NA	0.5	0.070727227	NA	14.91022784	7.560115863	7.350111976	0.02170333	0.97829667	0.074261749	res	Xolmiini
Knipolegus_signatus	real	0.355047416	1	0.488161863	NA	0.5	0.167026107	NA	0.5	0.166800909	NA	14.29858812	7.28273118	7.015856935	0.237284137	0.762715863	0.500988385	res	Xolmiini
Knipolegus_striaticeps	real	0.036193517	1	0.229208081	NA	1	0.466977884	NA	1	0.397963972	NA	13.36794067	6.528478917	6.839461752	0.911799903	0.088200097	0.953940207	mig	Xolmiini
Knipolegus_striaticeps	hypo_br	0.048628467	1	0.228716552	NA	0.5	0	NA	1	0.080147963	NA	NA	NA	NA	0.867791627	0.132208373	0.946180911	mig	Xolmiini
Knipolegus_striaticeps	hypo_wi	0.035264439	1	0.253726141	NA	0.5	0.029728784	NA	1	0.378878062	NA	NA	NA	NA	0.911861069	0.088138931	0.955310015	mig	Xolmiini
Lessonia_oreas	real	0.525965943	0.0099	0.369673931	NA	0.5	0.059698394	NA	0.5	0.02681789	NA	14.90189197	7.559417031	7.342474939	0.170024583	0.829975417	0.315389489	res	Xolmiini
Lessonia_rufa	real	0.217969223	1	0.505029828	NA	1	0.252833484	NA	0.5	0.150793574	NA	14.77063347	7.635819948	7.134813521	0.532008207	0.467991793	0.73522287	mig	Xolmiini
Lessonia_rufa	hypo_br	0.502716541	0.84158	0.376963931	NA	0.5	0.004153558	NA	0.5	0.079025855	NA	NA	NA	NA	0.219849406	0.780150594	0.311866572	mig	Xolmiini
Lessonia_rufa	hypo_wi	0.511495405	0.0099	0.437945362	NA	0.5	0.155834279	NA	0.5	0.142399012	NA	NA	NA	NA	0.16712365	0.83287635	0.132044731	mig	Xolmiini
Muscisaxicola_albifrons	real	0.387757648	1	0.394097362	NA	0.5	0.004414045	NA	0.5	0.012970907	NA	13.99525271	7.203351614	6.791901097	0.287278896	0.712721104	0.381724395	res	Xolmiini
Muscisaxicola_albilora	real	0.296583152	1	0.343735351	NA	0.5	0.027814088	NA	0.5	0.002234931	NA	14.71427961	6.924668559	7.789611047	0.555864461	0.444135539	0.304156103	mig	Xolmiini
Muscisaxicola_albilora	hypo_br	0.457421463	0.0099	0.315234936	NA	0.5	0.008198772	NA	0.5	0.006037359	NA	NA	NA	NA	0.19506072	0.80493928	0.225863211	mig	Xolmiini
Muscisaxicola_albilora	hypo_wi	0.117114298	0.85149	0.221987532	NA	1	0.121150499	NA	0.5	0	NA	NA	NA	NA	0.780811425	0.219188575	0.658024688	mig	Xolmiini
Muscisaxicola_alpinus	real	0.503105381	0.0396	0.615809286	NA	0.5	0.060707455	NA	0.5	0.007293699	NA	12.966358	6.369501519	6.596856482	0.226942652	0.773057348	0.086712553	res	Xolmiini
Muscisaxicola_capistratus	real	0.282909074	1	0.350139044	NA	0.5	0.154076817	NA	0.5	0.000439572	NA	14.66821411	6.787494291	7.880719818	0.511311381	0.488688619	0.120311755	mig	Xolmiini
Muscisaxicola_capistratus	hypo_br	0.388873978	0.0099	0.294403451	NA	0.5	0.09062455	NA	0.5	0.000638263	NA	NA	NA	NA	0.396806664	0.603193336	0.477750789	mig	Xolmiini
Muscisaxicola_capistratus	hypo_wi	0.102372482	0.37624	0.239900537	NA	0.5	0	NA	0.5	0	NA	NA	NA	NA	0.797367607	0.202632393	0.741126452	mig	Xolmiini
Muscisaxicola_cinereus	real	0.383716257	0.21782	0.348878692	NA	0.5	0.036898265	NA	0.5	0.281523167	NA	15.15915452	7.550279999	7.608874518	0.410901027	0.589098973	0.331132616	mig	Xolmiini
Muscisaxicola_cinereus	hypo_br	0.463187962	0.0099	0.354073719	NA	0.5	0.229724202	NA	0.5	0.012655856	NA	NA	NA	NA	0.284008144	0.715991856	0.240171061	mig	Xolmiini
Muscisaxicola_cinereus	hypo_wi	0.395149168	0.07921	0.334028955	NA	0.5	0.217825624	NA	0.5	0.00549651	NA	NA	NA	NA	0.394296511	0.605703489	0.369486137	mig	Xolmiini
Muscisaxicola_flavinucha	real	0.377931435	1	0.314189696	NA	0.5	0	NA	0.5	0.003496669	NA	14.4385597	7.037932697	7.400627005	0.476102977	0.523897023	0.341461543	mig	Xolmiini
Muscisaxicola_flavinucha	hypo_br	0.394726324	0.94059	0.357735794	NA	0.5	0.05375056	NA	0.5	0.061778297	NA	NA	NA	NA	0.308371658	0.691628342	0.335733341	mig	Xolmiini
Muscisaxicola_flavinucha	hypo_wi	0.027682843	1	0.164758364	NA	1	0.558972552	NA	0.5	0	NA	NA	NA	NA	0.957409613	0.042590387	0.917349949	mig	Xolmiini
Muscisaxicola_fluviatilis	real	0.297269287	0.06931	0.283094111	NA	0.5	0.056501626	NA	0.5	0.105242289	NA	12.92870651	6.516022172	6.412684339	0.433136963	0.566863037	0.282428087	res	Xolmiini
Muscisaxicola_frontalis	real	0.151466243	1	0.240061154	NA	0.5	1.11E-16	NA	0.5	0	NA	13.83328743	6.738668476	7.09461895	0.892458005	0.107541995	0.778488125	mig	Xolmiini
Muscisaxicola_frontalis	hypo_br	0.330461453	0.91089	0.264620726	NA	0.5	0.008664795	NA	0.5	0	NA	NA	NA	NA	0.563275157	0.436724843	0.491144811	mig	Xolmiini
Muscisaxicola_frontalis	hypo_wi	0.000758454	1	0.186523884	NA	0.5	1.11E-16	NA	0.5	0	NA	NA	NA	NA	0.998874443	0.001125557	0.998774536	mig	Xolmiini
Muscisaxicola_griseus	real	0.361011118	1	0.483483763	NA	0.5	0.038159707	NA	0.5	0.032798343	NA	14.39747418	7.350544773	7.046929409	0.168830926	0.831169074	0.289249651	res	Xolmiini
Muscisaxicola_juninensis	real	0.474399591	0.39604	0.356811705	NA	0.5	0.011765935	NA	0.5	0	NA	14.42546469	7.246413475	7.179051214	0.21282373	0.78717627	0.193839451	res	Xolmiini
Muscisaxicola_maclovianus	real	0.51153956	1	0.450623429	NA	0.5	0.061256212	NA	0.5	0.04106686	NA	15.61706499	7.570744918	8.046320068	0.296890205	0.703109795	0.068567392	mig	Xolmiini
Muscisaxicola_maclovianus	hypo_br	0.527120336	0.0198	0.430271827	NA	0.5	0.027991332	NA	0.5	0.358836415	NA	NA	NA	NA	0.211616563	0.788383437	0.243959054	mig	Xolmiini
Muscisaxicola_maclovianus	hypo_wi	0.31659312	1	0.365204305	NA	0.5	0	NA	0.5	0	NA	NA	NA	NA	0.410116839	0.589883161	0.188631487	mig	Xolmiini
Muscisaxicola_maculirostris	real	0.416828806	0.09901	0.34271165	NA	0.5	0.009449768	NA	0.5	0.022626221	NA	15.49643933	7.71104555	7.785393776	0.271837287	0.728162713	0.423086473	mig	Xolmiini
Muscisaxicola_maculirostris	hypo_br	0.417880918	0.08911	0.390394419	NA	0.5	0.003669835	NA	0.5	0.022528839	NA	NA	NA	NA	0.25752301	0.74247699	0.309002374	mig	Xolmiini
Muscisaxicola_maculirostris	hypo_wi	0.336176134	0.0099	0.262820846	NA	0.5	0.045464417	NA	0.5	0.014088794	NA	NA	NA	NA	0.536819704	0.463180296	0.439965089	mig	Xolmiini
Muscisaxicola_rufivertex	real	0.499985107	0.0099	0.340733132	NA	0.5	0.18142181	NA	0.5	0.000620628	NA	14.79575459	7.410768931	7.384985659	0.212305547	0.787694453	0.275687413	res	Xolmiini
Myiotheretes_fumigatus	real	0.498810781	0.9505	0.535152629	NA	0.5	0.220713564	NA	0.5	0.121960815	NA	14.14575829	7.313613046	6.832145242	0.014041599	0.985958401	0.254294413	res	Xolmiini
Myiotheretes_fuscorufus	real	0.454700009	0.44554	0.585665903	NA	1	0.659782904	NA	0.5	0.317050827	NA	13.90104576	6.830698379	7.070347381	0.459277379	0.540722621	0.341424523	res	Xolmiini
Myiotheretes_striaticollis	real	0.607407833	0.0396	0.445950532	NA	0.5	0.139863298	NA	0.5	0.338041116	NA	15.79928625	7.817337188	7.981949065	0.180544822	0.819455178	0.057151658	res	Xolmiini
Neoxolmis_rufiventris	real	0	1	0.188082579	NA	1	0.376048759	NA	1	0.000130673	NA	12.72946046	6.18599192	6.543468542	1	0	1	mig	Xolmiini
Neoxolmis_rufiventris	hypo_br	0	1	0.170847582	NA	1	0	NA	1	0	NA	NA	NA	NA	1	0	1	mig	Xolmiini
Neoxolmis_rufiventris	hypo_wi	0	1	0.158087473	NA	1	0	NA	1	0	NA	NA	NA	NA	1	0	1	mig	Xolmiini
Polioxolmis_rufipennis	real	0.182496978	1	0.445506943	NA	0.5	0	NA	0.5	5.52E-05	NA	14.10516648	6.967258492	7.137907986	0.541320114	0.458679886	0.3725855	res	Xolmiini
Satrapa_icterophrys	real	0.537174727	0.0099	0.375363187	NA	0.5	0.123498363	NA	0.5	0.432938106	NA	14.40423017	7.162266398	7.241963768	0.155197996	0.844802004	0.052662521	mig	Xolmiini
Satrapa_icterophrys	hypo_br	0.512527414	0.0099	0.351152701	NA	1	0.56644283	NA	0.5	0.009275823	NA	NA	NA	NA	0.146411109	0.853588891	0.081715534	mig	Xolmiini
Satrapa_icterophrys	hypo_wi	0.573945602	0.0099	0.323492977	NA	0.5	0.155515099	NA	0.5	0.268967258	NA	NA	NA	NA	0.148638076	0.851361924	0.067066382	mig	Xolmiini
Xolmis_cinereus	real	0.398354937	0.88119	0.269549011	NA	0.5	0.22175817	NA	0.5	0.025822637	NA	14.28061819	7.045030338	7.235587851	0.294429908	0.705570092	0.106659299	res	Xolmiini
Xolmis_coronatus	real	0.091468905	0.57426	0.402409416	NA	0.5	0.000324072	NA	0.5	0.036627126	NA	14.20481521	7.153481948	7.05133326	0.956860232	0.043139768	0.642452502	mig	Xolmiini
Xolmis_coronatus	hypo_br	0.392618094	0.5	0.377365952	NA	1	0.407607417	NA	0.5	0.049958968	NA	NA	NA	NA	0.184568313	0.815431687	0.409699199	mig	Xolmiini
Xolmis_coronatus	hypo_wi	0.3284781	1	0.402663354	NA	0.5	0.00869409	NA	0.5	0.01843881	NA	NA	NA	NA	0.538696881	0.461303119	0.398966705	mig	Xolmiini
Xolmis_irupero	real	0.522001455	0.0099	0.371726238	NA	0.5	0	NA	1	0.699719511	NA	14.78142296	7.477759319	7.30366364	0.104003545	0.895996455	0.235304634	res	Xolmiini
Xolmis_pyrope	real	0.139034129	0.0099	0.234314304	NA	1	0.463407506	NA	0.5	0.000719279	NA	15.135338	7.413537444	7.72180056	0.659094043	0.340905957	0.288620913	mig	Xolmiini
Xolmis_pyrope	hypo_br	0.131509314	0.0099	0.224806191	NA	0.5	0.050099062	NA	0.5	0.062491778	NA	NA	NA	NA	0.679943174	0.320056826	0.417115963	mig	Xolmiini
Xolmis_pyrope	hypo_wi	0.078921179	0.0099	0.212747766	NA	0.5	0.035428624	NA	0.5	0.000790499	NA	NA	NA	NA	0.771396643	0.228603357	0.558721296	mig	Xolmiini
Xolmis_rubetra	real	0.069960338	0.44554	0.291319405	NA	0.5	0.000232967	NA	1	0.435213215	NA	14.42986543	6.893515828	7.536349597	0.906649383	0.093350617	0.806124623	mig	Xolmiini
Xolmis_rubetra	hypo_br	0.09632471	0.0099	0.297351254	NA	0.5	0.000602027	NA	1	0.117764465	NA	NA	NA	NA	0.770633313	0.229366687	0.796994488	mig	Xolmiini
Xolmis_rubetra	hypo_wi	0.029863834	0.0297	0.235618137	NA	1	0.205730522	NA	0.5	0	NA	NA	NA	NA	0.929765327	0.070234673	0.937362868	mig	Xolmiini
