Species	Comparison	D.obs	eq.P	eq.mean.sim	eq.se.sim	si12.P	si12.mean.sim	si12.se.sim	si21.P	si21.mean.sim	si21.se.sim	an_breadth	Br_breadth	Wi_breadth	Niche_expansion	Niche_stability	Niche_unfilling	migration	clade
Alopochelidon_fucata	real	0.543575884105725	0.376237623762376	0.533922024861822	0.00224123324999505	0.128712871287129	0.215821583657485	0.0213731415571741	0.099009900990099	0.22662649005461	0.0180963055748489	14.1303217523145	7.16280218624088	6.96751956607357	0.0386643948724673	0.961335605127533	0.112593322119644	mig	Hirundinidae
Alopochelidon_fucata	hypo_br	0.468788607957985	0.594059405940594	0.470756385630142	0.0018383673703331	0.108910891089109	0.182602055238896	0.0178874393804712	0.207920792079208	0.248973610118655	0.019161774704049	NA	NA	NA	0.049775881525521	0.950224118474479	0.151364214763839	mig	Hirundinidae
Alopochelidon_fucata	hypo_wi	0.446105238316593	1	0.521964375746859	0.00218816546809236	0.128712871287129	0.186088608501704	0.0179722543329004	0.118811881188119	0.207667425094773	0.0172515067277107	NA	NA	NA	0.0513477949931161	0.948652205006884	0.200563425260176	mig	Hirundinidae
Atticora_fasciata	real	0.591285774554453	0.0099009900990099	0.306964760261036	0.0010061841012837	0.0396039603960396	0.178387408676534	0.0171637937603967	0.0792079207920792	0.224800243109315	0.0190767015437975	13.8718489188357	6.97683846940416	6.89501044943152	0.0188987899342083	0.981101210065792	0.201922717048034	res	Hirundinidae
Atticora_melanoleuca	real	0.456997297162789	0.0099009900990099	0.311488105641967	0.00185270950347561	0.0198019801980198	0.208949023400709	0.0133729145258459	0.138613861386139	0.211224682330007	0.0181860386919141	14.2715091259276	7.20458587315633	7.0669232527713	0.0770703691078208	0.922929630892179	0.31359567688807	res	Hirundinidae
Cecropis_abyssinica	real	0.795987986437856	0.0099009900990099	0.609471679714783	0.00136306319441883	0.0099009900990099	0.260108497637674	0.0150717308234297	0.0198019801980198	0.173651317115652	0.019181074741562	15.5681015604077	7.86312246512578	7.70497909528196	0.00498704899952784	0.995012951000472	0.0470379753788462	mig	Hirundinidae
Cecropis_abyssinica	hypo_br	0.817604394097795	0.0099009900990099	0.641347965638045	0.00143586791284581	0.0099009900990099	0.279581585439277	0.0193444480682946	0.0099009900990099	0.172554285062674	0.0178176778159006	NA	NA	NA	0.0037485134276039	0.996251486572396	0.0410086867438241	mig	Hirundinidae
Cecropis_abyssinica	hypo_wi	0.811698436657402	0.0099009900990099	0.607823261493414	0.00128856907026373	0.0099009900990099	0.260722070159441	0.0169764555164947	0.0198019801980198	0.179461408439313	0.0189074836916371	NA	NA	NA	0.00395870940252536	0.996041290597475	0.0422785905079358	mig	Hirundinidae
Cecropis_badia	real	0.314821472803135	1	0.621041324198607	0.00701982030817358	0.0693069306930693	0.0683912094074657	0.0116938759138074	0.0792079207920792	0.0936990062860187	0.0119830533594128	10.7302103345001	4.77687660634103	5.95333372815907	0.606755958320661	0.393244041679339	0.0105401249170645	res	Hirundinidae
Cecropis_cucullata	real	0.41717930319815	0.821782178217822	0.436087762325373	0.00200118174190693	0.0891089108910891	0.134372569255259	0.0145149279259342	0.128712871287129	0.196547904174599	0.0159310172399392	14.1748901385462	7.27972438999449	6.8951657485517	0.115724179018448	0.884275820981552	0.366838911084078	mig	Hirundinidae
Cecropis_cucullata	hypo_br	0.286840092088079	1	0.483430754724441	0.00197421570229426	0.237623762376238	0.184150617179137	0.0141768775498393	0.336633663366337	0.210033739565136	0.0191758098163582	NA	NA	NA	0.230652901221843	0.769347098778157	0.247463234598273	mig	Hirundinidae
Cecropis_cucullata	hypo_wi	0.232691923693652	1	0.2684320170233	0.00159987748446149	0.396039603960396	0.215543253255944	0.0202412768912024	0.405940594059406	0.186085284448289	0.0176971898382941	NA	NA	NA	0.49517647859981	0.504823521400189	0.61770711332687	mig	Hirundinidae
Cecropis_domicella	real	0.566211440898959	0.0099009900990099	0.370698637511434	0.00272959614477373	0.0693069306930693	0.260587380264181	0.0172639160076615	0.0693069306930693	0.261029922809403	0.0167922428338378	15.0127907667938	7.45303844245352	7.55975232434029	0.272619190779319	0.727380809220681	0.0780209624697415	mig	Hirundinidae
Cecropis_domicella	hypo_br	0.529709052370565	0.0099009900990099	0.33835149371538	0.00102762817387197	0.0693069306930693	0.28471054022292	0.0156319050688423	0.118811881188119	0.276770153522521	0.0173311368516195	NA	NA	NA	0.12721631749677	0.87278368250323	0.125562386649456	mig	Hirundinidae
Cecropis_domicella	hypo_wi	0.508791758944794	0.0099009900990099	0.328121288657839	0.00338882252658844	0.148514851485149	0.249872441947719	0.0182763240435969	0.128712871287129	0.256337863142847	0.018670130975829	NA	NA	NA	0.267628213155327	0.732371786844673	0.384500438319931	mig	Hirundinidae
Cecropis_hyperythra	real	0.217435433092203	0.99009900990099	0.399876094455581	0.00863309862051184	0.188118811881188	0.0909892439221929	0.0130942885485119	0.148514851485149	0.087368471280806	0.0146407520588555	11.1641200514423	5.22450174836349	5.93961830307883	0.479971240429567	0.520028759570433	0.0850207405837925	mig	Hirundinidae
Cecropis_hyperythra	hypo_br	0.217435433092203	0.98019801980198	0.404815828180901	0.00834917862901308	0.247524752475248	0.113977786523412	0.0143969870447868	0.118811881188119	0.078978141586272	0.0117991031441061	NA	NA	NA	0.479971240429567	0.520028759570433	0.0850207405837925	mig	Hirundinidae
Cecropis_hyperythra	hypo_wi	0.217435433092203	1	0.411465883495966	0.00811564904090614	0.267326732673267	0.133000643167527	0.0152665984530833	0.148514851485149	0.093064365450751	0.0138034320798351	NA	NA	NA	0.479971240429567	0.520028759570433	0.0850207405837925	mig	Hirundinidae
Cecropis_semirufa	real	0.580758260638427	0.0099009900990099	0.464450898299568	0.00229773093265849	0.0099009900990099	0.227922344058417	0.0143657236619277	0.0495049504950495	0.0981555656675834	0.0154487390208978	15.116879362482	7.80046154774719	7.31641781473477	0.00145017686344733	0.998549823136553	0.18055732347953	mig	Hirundinidae
Cecropis_semirufa	hypo_br	0.765827695786163	0.0198019801980198	0.685404037743913	0.00299621555374822	0.0198019801980198	0.140209757286074	0.0199748276624986	0.0198019801980198	0.138673730419082	0.0189749519073149	NA	NA	NA	0.041159335679398	0.958840664320602	0.0194651069642232	mig	Hirundinidae
Cecropis_semirufa	hypo_wi	0.749333259393089	0.0099009900990099	0.482248793888449	0.00119400684622216	0.0099009900990099	0.23777872983058	0.0176558766283039	0.0099009900990099	0.126948742266911	0.012539909213586	NA	NA	NA	0.0142242645394382	0.985775735460562	0.06729564545533	mig	Hirundinidae
Cecropis_senegalensis	real	0.705401131442207	0.0099009900990099	0.369619504937865	0.000693644705326953	0.0099009900990099	0.193765842450969	0.0147083675093219	0.0297029702970297	0.2428347417305	0.0201888123344815	15.0238260867341	7.53198968454609	7.491836402188	0.0748072206286469	0.925192779371353	0.0131212779297845	res	Hirundinidae
Cecropis_striolata	real	0.407533678764372	0.99009900990099	0.455140017157155	0.00205628498969868	0.0297029702970297	0.0855022446721667	0.0126678970112872	0.0792079207920792	0.159014004219096	0.0133962363557353	13.5756311648518	6.93803213299538	6.63759903185643	0.128436735352079	0.871563264647921	0.134449724725579	mig	Hirundinidae
Cecropis_striolata	hypo_br	0.477947646679031	0.574257425742574	0.479275394708922	0.00192194998883045	0.0297029702970297	0.0790825215282507	0.0122800746150146	0.0594059405940594	0.140862441735452	0.0160226650421048	NA	NA	NA	0.133910928296613	0.866089071703387	0.0974098387800773	mig	Hirundinidae
Cecropis_striolata	hypo_wi	0.349792692785105	1	0.447186025786213	0.00220631330275016	0.099009900990099	0.164960851513311	0.013062862236844	0.108910891089109	0.13604472465913	0.0130374767956292	NA	NA	NA	0.149967320994086	0.850032679005914	0.199676646671407	mig	Hirundinidae
Cheramoeca_leucosterna	real	0.572804492468845	0.0099009900990099	0.232922135675267	0.00109560457419801	0.0198019801980198	0.161910163492328	0.0167712138716309	0.118811881188119	0.369845499886879	0.0167055681212742	14.4140904061925	7.0551353036888	7.35895510250371	0.113683022112988	0.886316977887012	0.189224714986997	res	Hirundinidae
Delichon_dasypus	real	0.45600043041063	0.0099009900990099	0.380628578799216	0.00182170301384053	0.0198019801980198	0.16021481347034	0.0116415351055767	0.0099009900990099	0.15372651797251	0.0143765925365845	13.6841728038947	6.89334448805025	6.79082831584443	0.0789722373250737	0.921027762674926	0.101056579327712	mig	Hirundinidae
Delichon_dasypus	hypo_br	0.540715279089117	0.0099009900990099	0.291731014803048	0.000940533099813459	0.0099009900990099	0.0819578673334921	0.00935617610626406	0.0297029702970297	0.192269806382185	0.0173839767101504	NA	NA	NA	0.200582720244783	0.799417279755217	0.103065687085862	mig	Hirundinidae
Delichon_dasypus	hypo_wi	0.186890490882925	0.0495049504950495	0.174402661475011	0.000770022866813879	0.297029702970297	0.113461049645487	0.0144306490554127	0.148514851485149	0.0598304026200227	0.00822467387342204	NA	NA	NA	0.652625318612406	0.347374681387594	0.483885923963099	mig	Hirundinidae
Delichon_nipalense	real	0.0923231862650644	1	0.230911598011113	0.00141540132825181	0.198019801980198	0.0568587156266527	0.0038931371407839	0.257425742574257	0.0626132986203178	0.0075162467715656	13.4140459419538	7.4631988519178	5.95084709003602	0.127763452254219	0.872236547745781	0.801347019918736	res	Hirundinidae
Delichon_urbicum	real	0.336466546617029	1	0.523999210194769	0.00119843247549813	0.0396039603960396	0.040236411469747	0.0069112037842411	0.0396039603960396	0.107073086299192	0.0102511847221453	13.2937370271893	6.39311887369531	6.90061815349403	0.282496449066719	0.717503550933281	0.0366997840529934	mig	Hirundinidae
Delichon_urbicum	hypo_br	0.4074325389701	1	0.496211443124682	0.00137945178973621	0.0297029702970297	0.0622109735068951	0.0101852948240382	0.0099009900990099	0.126175153565799	0.0090376991940131	NA	NA	NA	0.0165391599770704	0.98346084002293	0.0307147567152171	mig	Hirundinidae
Delichon_urbicum	hypo_wi	0.12387774730465	0.0099009900990099	0.0782837171153146	0.00011021571336181	0.356435643564356	0.120043752074892	0.0127780405323743	0.287128712871287	0.0861918077648519	0.0081737664356789	NA	NA	NA	0.886605200068255	0.113394799931745	0.390512147059267	mig	Hirundinidae
Haplochelidon_andecola	real	0.255109534240444	1	0.355368813595529	0.00150318800332108	0.188118811881188	0.12167022409262	0.0162132302334628	0.0594059405940594	0.0350508906829251	0.00983506099900358	13.316890027265	6.89661945279837	6.42027057446662	0.401198961431623	0.598801038568377	0.505557197052306	res	Hirundinidae
Hirundo_aethiopica	real	0.411808992884967	1	0.448386236274655	0.000946956906847408	0.099009900990099	0.242894907394419	0.0108696131594794	0.237623762376238	0.247301076187832	0.0174272119779698	14.9580953807806	7.72044340199731	7.23765197878326	0.0145938334128491	0.985406166587151	0.189994367915092	res	Hirundinidae
Hirundo_albigularis	real	0.265297633826176	1	0.33698711065367	0.00118834739566719	0.247524752475248	0.168507983703867	0.012670815274417	0.247524752475248	0.164630406283773	0.0181737511163609	14.3536472911888	7.45202610130882	6.90162118987993	0.304303505520442	0.695696494479558	0.559161044822081	mig	Hirundinidae
Hirundo_albigularis	hypo_br	0.233479505045932	1	0.341726193834199	0.000971138271255964	0.376237623762376	0.190377855417013	0.0160094458470671	0.257425742574257	0.159424539963129	0.0165605419617675	NA	NA	NA	0.335927156567495	0.664072843432505	0.519526343096912	mig	Hirundinidae
Hirundo_albigularis	hypo_wi	0.241457458849443	1	0.301865836844268	0.00112440710878096	0.316831683168317	0.175078894909316	0.0153420876529495	0.277227722772277	0.149343552073849	0.0164228572669481	NA	NA	NA	0.400201004145364	0.599798995854636	0.615405091169327	mig	Hirundinidae
Hirundo_angolensis	real	0.682178358725791	0.0099009900990099	0.554538339789812	0.00248567689149555	0.0594059405940594	0.21845851692843	0.0214875852390642	0.0099009900990099	0.167445049558271	0.0198945941050576	14.4849747693716	7.2941182377332	7.19085653163843	0.0656218948868439	0.934378105113156	0.091654945443657	res	Hirundinidae
Hirundo_atrocaerulea	real	0.323913761515241	1	0.66214386017005	0.00622647908363722	0.099009900990099	0.0905213237488849	0.0126671294900646	0.0693069306930693	0.0675684907461132	0.0113980938415216	12.1084587444956	6.50150675344893	5.60695199104671	0.125119212098541	0.874880787901459	0.528240195569321	mig	Hirundinidae
Hirundo_atrocaerulea	hypo_br	0.472849031743468	1	0.658105196520484	0.00664900944812497	0.0396039603960396	0.127983939436094	0.0159548119460117	0.0891089108910891	0.0978631013268857	0.0165016384859017	NA	NA	NA	0.0808881320610118	0.919111867938988	0.476796639158534	mig	Hirundinidae
Hirundo_atrocaerulea	hypo_wi	0.0383339079707254	1	0.326284014214459	0.00320046552340704	0.465346534653465	0.106708039273079	0.0145978089308163	0.267326732673267	0.0529713744509965	0.0110903086291774	NA	NA	NA	0.923665288689025	0.0763347113109751	0.945544344106606	mig	Hirundinidae
Hirundo_dimidiata	real	0.313997644898604	1	0.699061900110028	0.00215214241544611	0.188118811881188	0.143005701143304	0.0154987046487962	0.267326732673267	0.222123926165008	0.0170917270103627	13.6191079556657	6.8235052921679	6.79560266349776	0.251906756504167	0.748093243495833	0.227757989029955	mig	Hirundinidae
Hirundo_dimidiata	hypo_br	0.313488434766212	1	0.730734940457728	0.00171047092789679	0.158415841584158	0.127695026751845	0.0161670870522891	0.237623762376238	0.214324498366431	0.0166926511638593	NA	NA	NA	0.263876779444837	0.736123220555163	0.228589666425289	mig	Hirundinidae
Hirundo_dimidiata	hypo_wi	0.364386035413702	1	0.681268514833556	0.00242463184933887	0.128712871287129	0.128761882115351	0.0155379467416115	0.217821782178218	0.22738699670564	0.0175190187626294	NA	NA	NA	0.225615211265886	0.774384788734114	0.180562467845876	mig	Hirundinidae
Hirundo_domicola	real	0.178016348758039	1	0.56455119088498	0.00883454642790473	0.257425742574257	0.118235253326264	0.0110261257323353	0.188118811881188	0.0697709452310632	0.0122651181862081	13.3541374875428	7.02972207513944	6.32441541240337	0.354866207074825	0.645133792925174	0.759023454238207	res	Hirundinidae
Hirundo_leucosoma	real	0.472457449148548	0.0396039603960396	0.422814613264356	0.00240121901889501	0.158415841584158	0.309371317667466	0.0158794278198486	0.0396039603960396	0.212615532241866	0.0140929611303123	15.069644933471	7.49025607752562	7.57938885594536	0.258693192741511	0.741306807258489	0.137476148207387	mig	Hirundinidae
Hirundo_leucosoma	hypo_br	0.3932438275344	0.712871287128713	0.406288897860601	0.00251599492495847	0.277227722772277	0.295795152354718	0.0137450348084166	0.217821782178218	0.242414580169023	0.0160080970511904	NA	NA	NA	0.100300975314724	0.899699024685277	0.179472820778093	mig	Hirundinidae
Hirundo_leucosoma	hypo_wi	0.477987107540836	0.099009900990099	0.444331918095535	0.00251464094554342	0.148514851485149	0.290855687622784	0.0162456652126953	0.0594059405940594	0.230568973578646	0.015054723173247	NA	NA	NA	0.255905787489258	0.744094212510742	0.1240063517576	mig	Hirundinidae
Hirundo_lucida	real	0.165031055696963	1	0.330092215598437	0.00196896008322876	0.415841584158416	0.157939308545018	0.0057191409738048	0.683168316831683	0.192068452384319	0.00833875519218961	14.7964555083289	7.44663720506446	7.3498183032644	0.20278114912853	0.79721885087147	0.307875140402083	mig	Hirundinidae
Hirundo_lucida	hypo_br	0.181996372223648	1	0.349644555927947	0.00248762092397076	0.405940594059406	0.167872013140476	0.00557962477097103	0.623762376237624	0.194155682981807	0.00839996086723031	NA	NA	NA	0.149724219427585	0.850275780572415	0.289295194695831	mig	Hirundinidae
Hirundo_lucida	hypo_wi	0.191184938472269	1	0.322693869141083	0.0020984835897674	0.425742574257426	0.181003583139063	0.00649956829073445	0.613861386138614	0.203021926481706	0.00910392459181812	NA	NA	NA	0.21276939866234	0.78723060133766	0.226791087330657	mig	Hirundinidae
Hirundo_megaensis	real	0.351943463256631	0.95049504950495	0.539087106345233	0.00974209658939094	0.128712871287129	0.0997532298755001	0.0158522797647626	0.0891089108910891	0.0629465236803983	0.0133073849306373	11.2561146805704	5.82783008221985	5.42828459835055	0.454534900851107	0.545465099148893	0.645501354560119	res	Hirundinidae
Hirundo_nigrita	real	0.307932851548433	1	0.52733741561373	0.00247449611628	0.0396039603960396	0.0914847359703579	0.00907827494412305	0.0099009900990099	0.0647211380119932	0.00818399566441597	13.4652163337977	6.39082333362596	7.07439300017174	0.242519858844576	0.757480141155424	0.0166161682872953	res	Hirundinidae
Hirundo_nigrorufa	real	0.000144916716710131	1	0.687394737329518	0.00166209000924816	0.811881188118812	0.101075960926693	0.0146208873276533	0.584158415841584	0.0749302319607984	0.0132968843598502	11.2446802109845	5.76565321939775	5.47902699158673	0.999746028931348	0.000253971068652309	0.999854390229018	mig	Hirundinidae
Hirundo_nigrorufa	hypo_br	0.00152946882125937	1	0.693483911454064	0.00173663128558719	0.742574257425743	0.132232404911918	0.018671233201948	0.732673267326733	0.0883354521461692	0.0126093328253309	NA	NA	NA	0.997221641544288	0.0027783584557117	0.998336159560969	mig	Hirundinidae
Hirundo_nigrorufa	hypo_wi	0.000144916716710131	1	0.67794210194125	0.00170243511742757	0.821782178217822	0.100944575905759	0.0150422141017594	0.603960396039604	0.090204197743177	0.0154946003122061	NA	NA	NA	0.999664443564211	0.000335556435788938	0.999854390229018	mig	Hirundinidae
Hirundo_rustica	real	0.556292590084965	0.0693069306930693	0.538662475206344	0.000965567459545056	0.0297029702970297	0.0987316106036719	0.0144766326178105	0.0297029702970297	0.156297000482007	0.0158572112650001	13.2401841714228	6.54162662618099	6.69855754524186	0.0117405593352027	0.988259440664797	0.0115659519720567	mig	Hirundinidae
Hirundo_rustica	hypo_br	0.415088055929475	1	0.569133665319084	0.00110271370790841	0.0297029702970297	0.0641771772131828	0.00919954920249952	0.0099009900990099	0.066846313720206	0.00673751950525268	NA	NA	NA	0.00522695951690941	0.994773040483091	0.0368125292335438	mig	Hirundinidae
Hirundo_rustica	hypo_wi	0.18468204075085	0.0099009900990099	0.130000887928831	0.00015499119008884	0.267326732673267	0.126623452825083	0.00922340789403832	0.287128712871287	0.11815799071069	0.00984252086603407	NA	NA	NA	0.694602316405796	0.305397683594204	0.344351167851477	mig	Hirundinidae
Hirundo_smithii	real	0.709071560207144	1	0.737019323540299	0.000900789696923199	0.0693069306930693	0.292139315311893	0.0211160634691809	0.0099009900990099	0.0711649947973647	0.00816690641112216	14.7803518083167	7.50258718984355	7.27776461847314	0.00102599470435971	0.99897400529564	0.00629229374606482	mig	Hirundinidae
Hirundo_smithii	hypo_br	0.827617849865838	0.0099009900990099	0.740163598022303	0.00103489340266417	0.0099009900990099	0.313023208236297	0.0179260783716591	0.0297029702970297	0.208549292769071	0.017516529101831	NA	NA	NA	0.00217415459945049	0.99782584540055	0.00529867441240422	mig	Hirundinidae
Hirundo_smithii	hypo_wi	0.752621935485611	0.0198019801980198	0.721545934980636	0.00131746693565738	0.0198019801980198	0.148372121887749	0.0179837924655805	0.0099009900990099	0.126961380975225	0.0150416043835676	NA	NA	NA	0.00333549540310598	0.996664504596894	0.00324537598417515	mig	Hirundinidae
Hirundo_tahitica	real	0.703823535914178	0.306930693069307	0.685028153400316	0.00293041083082149	0.0198019801980198	0.206579040565216	0.0190322662112741	0.0099009900990099	0.201321953627199	0.0209697960817874	12.8677380470101	6.43220534604021	6.43553270096986	0.0163386601087282	0.983661339891272	0.0234095835930106	res	Hirundinidae
Neochelidon_tibialis	real	0.64359343554509	0.0099009900990099	0.345751851699185	0.00184014724615163	0.0198019801980198	0.163539693284684	0.0182116480682974	0.0198019801980198	0.185035290732327	0.0148741864686753	14.0097771133021	7.1014844429645	6.90829267033755	0.0441065656582896	0.95589343434171	0.106166051281791	res	Hirundinidae
Notiochelidon_cyanoleuca	real	0.670074024421388	0.0099009900990099	0.43792675593007	0.00117200990944633	0.0198019801980198	0.277200312008327	0.0166762008493439	0.0198019801980198	0.307254185714781	0.0162559293209696	15.3560963261262	7.63543589586739	7.72066043025878	0.0639320626817061	0.936067937318294	0.00787558930521806	mig	Hirundinidae
Notiochelidon_cyanoleuca	hypo_br	0.760436501716188	0.0099009900990099	0.3896347909152	0.000869129188168797	0.0099009900990099	0.293499895698867	0.0160729350126927	0.0099009900990099	0.293843791710768	0.0159737502484135	NA	NA	NA	0.0319499234478774	0.968050076552123	0.0291777441735633	mig	Hirundinidae
Notiochelidon_cyanoleuca	hypo_wi	0.654663167834154	0.0099009900990099	0.420528065008217	0.00123160581497378	0.0198019801980198	0.308425254559883	0.0143445905298678	0.0099009900990099	0.265816801819104	0.0161059819051687	NA	NA	NA	0.0862627858162364	0.913737214183764	0.0223304757923307	mig	Hirundinidae
Notiochelidon_flavipes	real	0.418804981818577	1	0.552014532672251	0.00491938589885735	0.0099009900990099	0.160299834005834	0.0114008716754526	0.0297029702970297	0.127812089290942	0.00953331976609388	14.1792517609993	7.31142184008103	6.86782992091832	0.0644974846781304	0.93550251532187	0.423954759708643	res	Hirundinidae
Notiochelidon_murina	real	0.471413151376964	1	0.618482611434597	0.00416980736179269	0.0297029702970297	0.157864330951833	0.013085110157371	0.0099009900990099	0.181214543734509	0.00974580233640967	14.9026083609446	7.63642776724683	7.26618059369777	0.0317690005544668	0.968230999445533	0.241091059445376	res	Hirundinidae
Notiochelidon_pileata	real	0.148922031588312	1	0.246670347656116	0.00392169395823765	0.504950495049505	0.159090749122236	0.0130832306767238	0.574257425742574	0.184699752522867	0.0122933341731176	14.9307768654673	7.61706913594288	7.31370772952445	0.841591447363917	0.158408552636083	0.874531137343808	res	Hirundinidae
Petrochelidon_fluvicola	real	0.141932889753669	1	0.377120929077572	0.00145702594110195	0.336633663366337	0.103596715985336	0.00549946543732767	0.415841584158416	0.129568631800319	0.0100910125976787	14.2608635107056	6.97145172935764	7.28941178134795	0.565727769019774	0.434272230980226	0.18692687244104	mig	Hirundinidae
Petrochelidon_fluvicola	hypo_br	0.215060698197215	1	0.390662321494311	0.00144316796154673	0.0891089108910891	0.129293134261134	0.00646009565702802	0.198019801980198	0.118800662581618	0.010278996354934	NA	NA	NA	0.472679830616996	0.527320169383004	0.16315829427957	mig	Hirundinidae
Petrochelidon_fluvicola	hypo_wi	0.140290282350123	1	0.368791077317966	0.00134583578766639	0.415841584158416	0.120230904902763	0.005374559627422	0.336633663366337	0.109730679054737	0.00859908477073877	NA	NA	NA	0.543800537293488	0.456199462706512	0.192816200990193	mig	Hirundinidae
Petrochelidon_fuliginosa	real	0.436247333463653	1	0.654220262117615	0.00786077020190462	0.0099009900990099	0.0347953365239405	0.00953928724218487	0.0297029702970297	0.0637924501755239	0.00998904558364557	13.5543447760964	6.44173634518143	7.11260843091498	0.401619508208756	0.598380491791244	0.0910689105944131	res	Hirundinidae
Petrochelidon_fulva	real	0.164587555211004	1	0.234926735493341	0.00144633905423681	0.0495049504950495	0.0191312091914426	0.00494432296755015	0.257425742574257	0.118393137583606	0.00854501250875657	13.7979018171274	7.02234539642695	6.77555642070046	0.45423757682055	0.54576242317945	0.592478581841383	mig	Hirundinidae
Petrochelidon_fulva	hypo_br	0.239335880651584	1	0.296675179654002	0.00235929080651269	0.0396039603960396	0.0251825980238197	0.00639990019931137	0.247524752475248	0.14470528137021	0.0131306487464494	NA	NA	NA	0.723257072883325	0.276742927116676	0.581632819095107	mig	Hirundinidae
Petrochelidon_fulva	hypo_wi	0.226155652169116	0.910891089108911	0.24958214153561	0.00164102512498993	0.0297029702970297	0.0235718459747781	0.00590737010710253	0.267326732673267	0.16207682614994	0.0107382087562723	NA	NA	NA	0.497769284339125	0.502230715660875	0.511131218889605	mig	Hirundinidae
Petrochelidon_preussi	real	0.437695013288569	1	0.571224744464715	0.0014853706066437	0.0594059405940594	0.27061706072171	0.0135803666435037	0.168316831683168	0.201386107539387	0.0166210832457543	15.6815886249272	7.78922176188421	7.89236686304303	0.13098669311238	0.86901330688762	0.077696848006297	mig	Hirundinidae
Petrochelidon_preussi	hypo_br	0.428632813610222	1	0.56837105430812	0.00126611803382745	0.198019801980198	0.307485738990448	0.0133633423344927	0.158415841584158	0.206998222664593	0.0168454448432956	NA	NA	NA	0.135282182329211	0.864717817670789	0.0773162201925607	mig	Hirundinidae
Petrochelidon_preussi	hypo_wi	0.440439462325694	1	0.568422574796275	0.00155611601119066	0.148514851485149	0.263395921771437	0.0145315191947966	0.0891089108910891	0.174493078761645	0.0149043255559046	NA	NA	NA	0.132868396280177	0.867131603719823	0.0815253474366995	mig	Hirundinidae
Petrochelidon_pyrrhonota	real	0.405301047429053	0.0099009900990099	0.138360824914031	0.000465520051652676	0.158415841584158	0.264384210637544	0.0116603979873761	0.0594059405940594	0.198432295970012	0.0118976576406369	14.6914485183341	7.34969567268392	7.34175284565017	0.335365669869538	0.664634330130462	0.126388986868545	mig	Hirundinidae
Petrochelidon_pyrrhonota	hypo_br	0.637535304657057	0.0099009900990099	0.322914070700607	0.000813207516549015	0.0198019801980198	0.278763993749901	0.0160482167466008	0.0099009900990099	0.272082031521119	0.0142827718228238	NA	NA	NA	0.0907761853878849	0.909223814612115	0.0478548339085519	mig	Hirundinidae
Petrochelidon_pyrrhonota	hypo_wi	0.242227400069093	0.0099009900990099	0.0820540575725391	0.000150693433021426	0.0495049504950495	0.126551933011637	0.00786676077619301	0.158415841584158	0.109835256020863	0.0100453840969089	NA	NA	NA	0.663663811817579	0.336336188182421	0.316965157026025	mig	Hirundinidae
Petrochelidon_rufigula	real	0.0692161858917223	1	0.654555298765218	0.00164127420517445	0.485148514851485	0.0733019577503825	0.00660208862832835	0.386138613861386	0.0581849660003683	0.00525004593318665	12.3520416439378	7.04060271862576	5.311438925312	0.454337417926787	0.545662582073213	0.905070868845106	mig	Hirundinidae
Petrochelidon_rufigula	hypo_br	0.081235025037761	1	0.631761583854017	0.00197172198233573	0.435643564356436	0.0667525588043376	0.00631964312834757	0.376237623762376	0.0687057703273372	0.00579346523665913	NA	NA	NA	0.395150705190712	0.604849294809288	0.877444123289982	mig	Hirundinidae
Petrochelidon_rufigula	hypo_wi	0.0648782793052862	1	0.657295451135662	0.0018027039780049	0.465346534653465	0.0741071857002345	0.00702229338689568	0.495049504950495	0.0669287395479637	0.00536129484911979	NA	NA	NA	0.510762456433804	0.489237543566196	0.905628302677923	mig	Hirundinidae
Petrochelidon_rufocollaris	real	0.513545310214323	0.99009900990099	0.656999842478325	0.00608274949880667	0.0198019801980198	0.0980973481644993	0.0112236313775685	0.0099009900990099	0.0571632964578154	0.0106393625760774	12.7290464122069	6.76577050656388	5.96327590564302	0	1	0.361245786243042	res	Hirundinidae
Petrochelidon_spilodera	real	0.111099023998763	1	0.441177236049379	0.00230556638281657	0.524752475247525	0.145323380652952	0.0133766949645284	0.326732673267327	0.0880080231400963	0.0114903619188021	13.1356061070376	6.95049321236543	6.18511289467214	0.204424860211105	0.795575139788895	0.792927413562767	mig	Hirundinidae
Petrochelidon_spilodera	hypo_br	0.173806885880408	1	0.489448409351057	0.00687558534074951	0.108910891089109	0.0467311683306652	0.00881281587056366	0.108910891089109	0.0484482723681038	0.00908767408520675	NA	NA	NA	0.713770954716879	0.286229045283121	0.0763302565000374	mig	Hirundinidae
Petrochelidon_spilodera	hypo_wi	0.035368224220036	1	0.293064253407578	0.00168252297942329	0.792079207920792	0.143704236629792	0.0109847258583317	0.435643564356436	0.0917067244486325	0.0134548352169156	NA	NA	NA	0.812231475244851	0.187768524755149	0.956706741466559	mig	Hirundinidae
Phedina_borbonica	real	0.179300079594758	1	0.66625966387766	0.00456747805240932	0.0693069306930693	0.0403231703415423	0.00717969626614221	0.415841584158416	0.180745448439812	0.00906228489633911	13.4763454907803	6.27681346097179	7.19953202980854	0.710296641557014	0.289703358442986	0.131373798594976	mig	Hirundinidae
Phedina_borbonica	hypo_br	0.208710946932729	1	0.772152028364144	0.00383755854407276	0.297029702970297	0.125107673870658	0.0150952413664298	0.217821782178218	0.0916234967393133	0.0106821834623302	NA	NA	NA	0.641732363006206	0.358267636993794	0.217197348075927	mig	Hirundinidae
Phedina_borbonica	hypo_wi	0.367881349173104	1	0.503398151859136	0.00287479499519586	0.0891089108910891	0.24852995669307	0.00976923210821612	0.138613861386139	0.236673840992608	0.0106388445597325	NA	NA	NA	0.684311027242432	0.315688972757568	0.49534122359944	mig	Hirundinidae
Phedina_brazzae	real	0.0260141205372521	1	0.696488855882568	0.00524072578352198	0.336633663366337	0.0336798840555143	0.00559016599068906	0.158415841584158	0.0153374125054703	0.00398905753421174	10.5094478584114	6.27876642507891	4.23068143333247	0.690046299252269	0.309953700747731	0.96649592968305	res	Hirundinidae
Progne_chalybea	real	0.685289615778687	0.0099009900990099	0.614866077280223	0.00145835428877831	0.0297029702970297	0.108710005278066	0.0169664005040371	0.0099009900990099	0.238749258053864	0.0162305501554614	13.9404002943657	7.14017697830224	6.80022331606343	0.0149959252680718	0.985004074731928	0.0398127392068694	mig	Hirundinidae
Progne_chalybea	hypo_br	0.67608703890589	0.0099009900990099	0.615972709496589	0.00152978444975084	0.0099009900990099	0.101180418281894	0.0149847115660646	0.0099009900990099	0.237225142480278	0.0165845412751415	NA	NA	NA	0.00842859137276124	0.991571408627239	0.0465706451079503	mig	Hirundinidae
Progne_chalybea	hypo_wi	0.698613765974506	0.0099009900990099	0.616997027280828	0.00154566509445065	0.0099009900990099	0.113790337861967	0.0180030570685227	0.0099009900990099	0.234737109904268	0.0181272135208066	NA	NA	NA	0.00958162217016822	0.990418377829832	0.0335466785631374	mig	Hirundinidae
Progne_elegans	real	0.0273504914776049	1	0.273074668667995	0.000913910717561412	0.465346534653465	0.0436660242631818	0.00519052812469567	0.891089108910891	0.170250261177256	0.0105382886185482	14.1066818246846	7.20298138450352	6.90370044018108	0.691713922434606	0.308286077565394	0.891687817448843	mig	Hirundinidae
Progne_elegans	hypo_br	0.365678152632167	1	0.583280059622532	0.00275762702986608	0.0198019801980198	0.146565214368453	0.0106297129800194	0.099009900990099	0.153299940840484	0.0136580268111412	NA	NA	NA	0.32177585910894	0.67822414089106	0.110393620933455	mig	Hirundinidae
Progne_elegans	hypo_wi	0.0369669439965534	1	0.12535814287131	0.000618236827392011	0.792079207920792	0.0945489928831248	0.0062685222761189	0.198019801980198	0.0322385444538934	0.00734969932696156	NA	NA	NA	0.903062870002046	0.0969371299979538	0.922899197494574	mig	Hirundinidae
Progne_subis	real	0.385458702760737	0.0099009900990099	0.161207225465482	0.000407296977158125	0.237623762376238	0.28858565907167	0.0119543839013768	0.0099009900990099	0.0782590251665603	0.00976928999103576	13.7584669364954	6.93423582808476	6.82423110841068	0.521789162117377	0.478210837882623	0.338211278100034	mig	Hirundinidae
Progne_subis	hypo_br	0.680382772256331	0.0099009900990099	0.370545220269202	0.00104630668383183	0.0297029702970297	0.278433396309549	0.017763523603546	0.0099009900990099	0.248952509617536	0.0174075650533121	NA	NA	NA	0.0539306579713164	0.946069342028684	0.0848929880190532	mig	Hirundinidae
Progne_subis	hypo_wi	0.319744734878567	0.0099009900990099	0.175897065582907	0.000606978938292305	0.0198019801980198	0.0694624456081506	0.00927893079972813	0.158415841584158	0.164616255424681	0.0109452546211089	NA	NA	NA	0.383980019397203	0.616019980602797	0.234838202520958	mig	Hirundinidae
Progne_tapera	real	0.586800027879546	0.0099009900990099	0.307195770917834	0.000743509057113809	0.0198019801980198	0.26282896128894	0.0135613477509087	0.0198019801980198	0.280859517339441	0.0131137813379867	15.0584354833902	7.32887476601586	7.72956071737429	0.175063021629221	0.824936978370779	0.0284810602661354	mig	Hirundinidae
Progne_tapera	hypo_br	0.620253606399105	0.0099009900990099	0.309279856857607	0.000731248715663938	0.0495049504950495	0.279725969778361	0.0169886005082984	0.0297029702970297	0.277146627967566	0.0139742508315769	NA	NA	NA	0.144444839630047	0.855555160369953	0.0256428080736777	mig	Hirundinidae
Progne_tapera	hypo_wi	0.525929093988837	0.0099009900990099	0.297501856544814	0.00079255644376962	0.0495049504950495	0.237605480204708	0.0151821590649175	0.0396039603960396	0.273524879220863	0.0143229011028004	NA	NA	NA	0.173910291226367	0.826089708773633	0.0962164123071444	mig	Hirundinidae
Psalidoprocne_fuliginosa	real	0	1	0.107388557087934	0.00973740359592829	1	0.0350655293399619	0.00691224945813157	1	0.000592090309829514	0.000592090309829509	9.87767978500391	5.42280526483975	4.45487452016416	1	0	1	res	Hirundinidae
Psalidoprocne_nitens	real	0.904021881387024	0.0099009900990099	0.759869813024768	0.00688885632565201	0.0099009900990099	0.127868464833722	0.0197415936274937	0.0099009900990099	0.155336725873069	0.022361551076978	14.1136032120864	7.08322755711233	7.03037565497406	0.00257362752108878	0.997426372478911	0.00642118605266915	mig	Hirundinidae
Psalidoprocne_nitens	hypo_br	0.899121566470183	0.0198019801980198	0.760026274596448	0.00612123913584878	0.0099009900990099	0.16945006575922	0.0243633147238721	0.0099009900990099	0.153962608839789	0.0209724514932537	NA	NA	NA	0.00151669248497914	0.998483307515021	0.00447605514368221	mig	Hirundinidae
Psalidoprocne_nitens	hypo_wi	0.899030366054127	0.0297029702970297	0.769946235624675	0.00609530889998479	0.0099009900990099	0.123093441272251	0.0188721590993155	0.0099009900990099	0.1654612199902	0.0232099528346509	NA	NA	NA	0.00138515663907412	0.998614843360926	0.0047691980111984	mig	Hirundinidae
Psalidoprocne_obscura	real	0.0177136112056634	1	0.179524871507445	0.00171790052179388	0.653465346534653	0.0480409445389804	0.00408046924168815	0.792079207920792	0.122354520756032	0.0118057593241323	14.0500394081012	7.05382021934103	6.99621918876012	0.796304011217474	0.203695988782526	0.832143232370982	mig	Hirundinidae
Psalidoprocne_obscura	hypo_br	0.018984035098116	1	0.174139251807287	0.00133495388992163	0.544554455445545	0.0542811197878761	0.00512523852820005	0.821782178217822	0.112621725785978	0.011763353989992	NA	NA	NA	0.804052252573019	0.195947747426981	0.83871478248096	mig	Hirundinidae
Psalidoprocne_obscura	hypo_wi	0.0172317294720958	1	0.164112208971434	0.00154042373582382	0.574257425742574	0.0511437004397767	0.00474083880613726	0.712871287128713	0.113808684003521	0.0115296727475211	NA	NA	NA	0.803722974299073	0.196277025700927	0.836187817139246	mig	Hirundinidae
Psalidoprocne_pristoptera	real	0.713760567534143	0.0099009900990099	0.556953302994886	0.0012655208912786	0.0396039603960396	0.182032011874475	0.0170067068000346	0.0396039603960396	0.208668781642765	0.0193384659413018	14.4283082118547	7.25078373740078	7.17752447445392	0.0237169842839914	0.976283015716009	0.0339738714281154	mig	Hirundinidae
Psalidoprocne_pristoptera	hypo_br	0.7105460788253	0.0099009900990099	0.552771403785934	0.00116223618647255	0.0099009900990099	0.223038641970439	0.0182954608179586	0.0198019801980198	0.183238814335034	0.0176533765515934	NA	NA	NA	0.0161432399643739	0.983856760035626	0.0331850094043567	mig	Hirundinidae
Psalidoprocne_pristoptera	hypo_wi	0.712521622792493	0.0099009900990099	0.549826256414817	0.00144937861616932	0.0297029702970297	0.194347219831285	0.0172600941507593	0.0099009900990099	0.180428078316138	0.0159865648605242	NA	NA	NA	0.0257981236336873	0.974201876366313	0.0320937489847885	mig	Hirundinidae
Pseudhirundo_griseopyga	real	0.375553629846406	1	0.476764255247452	0.00213780223726155	0.0792079207920792	0.176377599844312	0.0123051394475665	0.0198019801980198	0.119082140660241	0.00972686184658775	14.5582163485919	7.35757939333495	7.20063695525698	0.0477898026187401	0.95221019738126	0.183572915844353	mig	Hirundinidae
Pseudhirundo_griseopyga	hypo_br	0.366726848597964	1	0.456628557613753	0.00188031700207791	0.0693069306930693	0.170516870010814	0.0117784665576199	0.0099009900990099	0.100313374309022	0.00897313981189801	NA	NA	NA	0.0464602563720412	0.953539743627959	0.184645872080363	mig	Hirundinidae
Pseudhirundo_griseopyga	hypo_wi	0.361809181987227	1	0.48697137422626	0.00188718982209059	0.0396039603960396	0.159637143909141	0.0111296356094704	0.0198019801980198	0.113636294911346	0.00956889884792272	NA	NA	NA	0.035727736519895	0.964272263480105	0.189764176612219	mig	Hirundinidae
Pseudochelidon_eurystomina	real	0.0658057010346625	1	0.445183022295821	0.00387778440946644	0.118811881188119	0.0220146794615361	0.0042959753082694	0.217821782178218	0.0410793468843022	0.00749074929155219	12.5970552121047	6.00736907022716	6.58968614187756	0.723657322752016	0.276342677247984	0.41235908047635	mig	Hirundinidae
Pseudochelidon_eurystomina	hypo_br	0.164724984956883	1	0.498141391124859	0.00320311939059204	0.0099009900990099	0.0249266113952495	0.00356769858552603	0.0792079207920792	0.0363986747743971	0.00740996815063452	NA	NA	NA	0.518180102083165	0.481819897916835	0.124239101174446	mig	Hirundinidae
Pseudochelidon_eurystomina	hypo_wi	0.326808019961159	1	0.643785358075168	0.00608972816333972	0.0693069306930693	0.0642886697813157	0.0109800520089023	0.0198019801980198	0.0596210576117359	0.00995922462226125	NA	NA	NA	0.187307438676166	0.812692561323834	0.521774036017774	mig	Hirundinidae
Ptyonoprogne_concolor	real	0.754297604828622	0.0099009900990099	0.666449810769184	0.00171450285703138	0.0099009900990099	0.215352592365915	0.0151175173377906	0.0099009900990099	0.370228692853944	0.0133574171918727	15.3562949656768	7.72968427601137	7.62661068966542	0.01031169594332	0.98968830405668	0.0118307351267975	res	Hirundinidae
Ptyonoprogne_obsoleta	real	0.33344754905002	1	0.704498581424937	0.00186359162766969	0.0594059405940594	0.052819536241962	0.010622761288303	0.178217821782178	0.127919844193739	0.0158506246998497	13.1634659632762	6.3539015668167	6.8095643964595	0.156492473198796	0.843507526801204	0.0282334311815794	mig	Hirundinidae
Ptyonoprogne_obsoleta	hypo_br	0.44826647520911	1	0.593620429756276	0.00261744664165743	0.0693069306930693	0.0901947351933836	0.0162046069883533	0.0693069306930693	0.121658319418245	0.0158330023078702	NA	NA	NA	0.0399925645310121	0.960007435468988	0.0661040811499648	mig	Hirundinidae
Ptyonoprogne_obsoleta	hypo_wi	0.33478097529245	1	0.717016319351933	0.00230446035650883	0.099009900990099	0.0962489618948348	0.0165087208822387	0.0891089108910891	0.102760534022751	0.0157490040314936	NA	NA	NA	0.110332571421783	0.889667428578217	0.18074005061908	mig	Hirundinidae
Ptyonoprogne_rupestris	real	0.188127266119577	1	0.350548776719643	0.00113801797069086	0.148514851485149	0.100245484604668	0.00763854759095928	0.435643564356436	0.160515079380525	0.00999604871303975	13.2230998230343	6.58328657818546	6.63981324484884	0.410540965008225	0.589459034991775	0.136160529647864	mig	Hirundinidae
Ptyonoprogne_rupestris	hypo_br	0.0574594852479376	1	0.233208632318808	0.000887495524678661	0.356435643564356	0.0433634858685241	0.00517798053650864	0.574257425742574	0.105161109897365	0.00957902302606702	NA	NA	NA	0.369295987020438	0.630704012979562	0.348446848991643	mig	Hirundinidae
Ptyonoprogne_rupestris	hypo_wi	0.0810651316972754	1	0.157067942765998	0.000377139104557865	0.257425742574257	0.0516599902691398	0.00837669390712234	0.673267326732673	0.138278760454291	0.00972230624795217	NA	NA	NA	0.725610016103935	0.274389983896065	0.715964021852697	mig	Hirundinidae
Riparia_congica	real	0.24906326965519	1	0.605788136909866	0.00578753556663173	0.0495049504950495	0.0356850945669581	0.00782211199130921	0.0396039603960396	0.0377580651115985	0.00735899792329945	10.7952133412189	4.77841721478646	6.01679612643248	0.477188125105569	0.522811874894431	0.0248362882776494	res	Hirundinidae
Riparia_diluta	real	0.431840520746051	0.0099009900990099	0.312575509008713	0.000839007804994359	0.0099009900990099	0.0787532615214366	0.0075138241966609	0.0297029702970297	0.0835503171015995	0.0125442056331837	14.0261431950899	7.16500978727505	6.8611334078149	0.132930129448427	0.867069870551572	0.491203740029154	mig	Hirundinidae
Riparia_diluta	hypo_br	0.500477212643665	0.0099009900990099	0.310078258123297	0.00126067079499212	0.0099009900990099	0.0668719197076308	0.0076166613193487	0.0198019801980198	0.121087610250405	0.0109345588931893	NA	NA	NA	0.133160742793238	0.866839257206762	0.112809941505024	mig	Hirundinidae
Riparia_diluta	hypo_wi	0.574432194057509	0.0099009900990099	0.314974796722903	0.000540372981209831	0.0297029702970297	0.229616073125805	0.0161308556228658	0.0495049504950495	0.136961030752805	0.016009868698286	NA	NA	NA	0.0354842220199509	0.964515777980049	0.167748531959332	mig	Hirundinidae
Riparia_riparia	real	0.46324249207941	0.97029702970297	0.483021697645442	0.00113071395904034	0.0099009900990099	0.0652536331322649	0.00802894638678725	0.0693069306930693	0.179637076232695	0.0141772122401516	13.8824257129877	6.73715752005337	7.14526819293437	0.0563354055575867	0.943664594442413	0.00745138157942545	mig	Hirundinidae
Riparia_riparia	hypo_br	0.501127150481742	0.0099009900990099	0.369056500725754	0.00104743602272889	0.0495049504950495	0.0994684148710535	0.0135296440989642	0.0198019801980198	0.10032452523429	0.0084737730680348	NA	NA	NA	0.0379537566572241	0.962046243342776	0.0319636024347255	mig	Hirundinidae
Riparia_riparia	hypo_wi	0.151274616242185	0.0099009900990099	0.0675685702406517	7.86967815819453e-05	0.396039603960396	0.138542368329966	0.0136786164879224	0.346534653465347	0.116483863500156	0.00859556025068701	NA	NA	NA	0.775672760416174	0.224327239583826	0.402593109422572	mig	Hirundinidae
Stelgidopteryx_ruficollis	real	0.739042129135843	0.0099009900990099	0.414480578252179	0.00123360302971473	0.0099009900990099	0.274795627762464	0.0203463685171291	0.0099009900990099	0.273190459336741	0.017529435217215	14.4531262379436	7.3744032686767	7.07872296926694	0.0323359231107943	0.967664076889206	0.0312584794417616	mig	Hirundinidae
Stelgidopteryx_ruficollis	hypo_br	0.751372380391165	0.0099009900990099	0.434972246888691	0.00132155070674109	0.0099009900990099	0.237502520806816	0.0190767272006115	0.0198019801980198	0.308500334506042	0.0192767930540063	NA	NA	NA	0.0337572083265968	0.966242791673403	0.0237141562382539	mig	Hirundinidae
Stelgidopteryx_ruficollis	hypo_wi	0.718736523299837	0.0099009900990099	0.403161079083001	0.00119676464295749	0.0099009900990099	0.272494941983441	0.0191069460454126	0.0198019801980198	0.249997212619775	0.0171040041708614	NA	NA	NA	0.0347152678123098	0.96528473218769	0.0416924524884436	mig	Hirundinidae
Stelgidopteryx_serripennis	real	0.27590025240602	1	0.376499229128713	0.00178571313162521	0.128712871287129	0.137952092602665	0.0101057407472603	0.0792079207920792	0.0548012583927442	0.00856457644575181	14.8131563195513	7.3341942557383	7.47896206381295	0.22928328285556	0.77071671714444	0.0604356550659206	mig	Hirundinidae
Stelgidopteryx_serripennis	hypo_br	0.456833379450552	0.0099009900990099	0.383759479610007	0.00182746231236446	0.0297029702970297	0.102476919765515	0.0153045633431259	0.0495049504950495	0.129792976331989	0.0136671799185501	NA	NA	NA	0.166996421440505	0.833003578559495	0.0286467691586856	mig	Hirundinidae
Stelgidopteryx_serripennis	hypo_wi	0.630078227342856	0.0099009900990099	0.400784094191035	0.00116436820442777	0.0099009900990099	0.154580485706458	0.0143708552742045	0.0099009900990099	0.166088848883124	0.01383524091588	NA	NA	NA	0.0715842217973073	0.928415778202693	0.0125042192272256	mig	Hirundinidae
Tachycineta_albilinea	real	0.345332109135223	0.99009900990099	0.394412364344841	0.00229977885610028	0.0396039603960396	0.0366836028285951	0.00890282298110668	0.0594059405940594	0.0850252104986058	0.0116485612072731	13.6214348260315	6.57060344327534	7.05083138275619	0.349749169169248	0.650250830830752	0.13461655625851	res	Hirundinidae
Tachycineta_albiventer	real	0.609531031068222	0.0099009900990099	0.342455433098102	0.00102820662756594	0.0396039603960396	0.18951170036559	0.0167062456467469	0.0891089108910891	0.325109706094363	0.018138776827846	14.4846828780118	7.11265545632759	7.37202742168426	0.0782184878139688	0.921781512186031	0.07210683226217	mig	Hirundinidae
Tachycineta_albiventer	hypo_br	0.62013840602875	0.0099009900990099	0.345543645783312	0.000863466665157943	0.0297029702970297	0.209095004029851	0.0161717443169065	0.108910891089109	0.324902839657409	0.0194962507188739	NA	NA	NA	0.0737569239551223	0.926243076044878	0.0743361969626198	mig	Hirundinidae
Tachycineta_albiventer	hypo_wi	0.637822806666622	0.0099009900990099	0.339401967316954	0.00100798913322899	0.0198019801980198	0.198196261079162	0.0166767583841691	0.0792079207920792	0.289360850963276	0.0182114215985169	NA	NA	NA	0.0521816976270549	0.947818302372945	0.066852624570146	mig	Hirundinidae
Tachycineta_bicolor	real	0.455788607313037	0.0099009900990099	0.251798201058798	0.00104694603395584	0.0099009900990099	0.0495732324369586	0.00947892463061061	0.0099009900990099	0.116827504103521	0.0112435240137266	13.994763899231	6.98270644508433	7.01205745414666	0.10986709795438	0.89013290204562	0.121211177232463	mig	Hirundinidae
Tachycineta_bicolor	hypo_br	0.247844625598326	0.0099009900990099	0.216033767390908	0.000759314803877099	0.0297029702970297	0.0213076591402695	0.00564993773163863	0.237623762376238	0.180373857876044	0.00856709371364843	NA	NA	NA	0.314888727463604	0.685111272536396	0.526028008766058	mig	Hirundinidae
Tachycineta_bicolor	hypo_wi	0.0926270059987617	0.0099009900990099	0.0754162125075805	0.000160462010250583	0.366336633663366	0.0978370237991501	0.0105039406900102	0.306930693069307	0.0738422104640464	0.00832529914147429	NA	NA	NA	0.835043564422573	0.164956435577427	0.754076747028497	mig	Hirundinidae
Tachycineta_euchrysea	real	0	1	0.15906100376578	0.0049449309747723	1	0.0618769260505257	0.0120016247041994	1	0.00770318092200922	0.0035132719678164	12.7276798325048	6.32602355302054	6.40165627948426	1	0	1	res	Hirundinidae
Tachycineta_leucorrhoa	real	0.287688296865775	0.0099009900990099	0.207568243638301	0.000894978615204404	0.178217821782178	0.14200756136758	0.0144802743698597	0.267326732673267	0.185541479913496	0.0156958386385365	13.8342141126442	6.91984106699209	6.91437304565206	0.304724019643703	0.695275980356297	0.448388183940067	mig	Hirundinidae
Tachycineta_leucorrhoa	hypo_br	0.233558874681359	0.643564356435644	0.237167167603153	0.000897356142256105	0.277227722772277	0.159226475817203	0.0143102080945646	0.297029702970297	0.17797568720831	0.0142345819771126	NA	NA	NA	0.202889527396907	0.797110472603093	0.373988702752566	mig	Hirundinidae
Tachycineta_leucorrhoa	hypo_wi	0.19503776487119	0.0099009900990099	0.177091299388367	0.000898237920026851	0.128712871287129	0.0774444651307789	0.0106620938287981	0.297029702970297	0.133213454844194	0.0152859583329047	NA	NA	NA	0.441470601547915	0.558529398452085	0.674886943763906	mig	Hirundinidae
Tachycineta_thalassina	real	0.151151320746036	1	0.181913141348899	0.000896301008180638	0.108910891089109	0.0420201665756322	0.00561430854855555	0.0099009900990099	0.0614123269234275	0.00338996088401994	13.7849761798593	7.3840750493044	6.40090113055493	0.00936767842180478	0.990632321578195	0.411453770799627	NA	Hirundinidae
Tachycineta_thalassina	hypo_br	0.0645243176636472	1	0.173368798938676	0.000861606500494338	0.0495049504950495	0.00957663956834344	0.00261931626866437	0.455445544554455	0.0620312729975938	0.0034275209173777	NA	NA	NA	0.283603059776968	0.716396940223032	0.705733689687061	NA	Hirundinidae
Tachycineta_thalassina	hypo_wi	0.198089374993449	0.0099009900990099	0.115412780161424	0.00023928558430951	0.0297029702970297	0.0950159074035264	0.00524854139910135	0.158415841584158	0.108481362068856	0.00771787999931837	NA	NA	NA	0.61021371852087	0.38978628147913	0.362527880957136	NA	Hirundinidae
