Species	Comparison	D.obs	eq.P	eq.mean.sim	eq.se.sim	si12.P	si12.mean.sim	si12.se.sim	si21.P	si21.mean.sim	si21.se.sim	an_breadth	Br_breadth	Wi_breadth	Niche_expansion	Niche_stability	Niche_unfilling	migration	clade
Alopochelidon_fucata	real	0.737750883471444	0.5	0.721968531541872	NA	0.5	0.00776710172259032	NA	1	0.744907905828884	NA	14.92989643409	7.62945591469278	7.30044051939725	0.00396430397379193	0.996035696026208	0.0444051655076373	mig	Hirundinidae
Alopochelidon_fucata	hypo_br	0.741785684366574	1	0.752579425598447	NA	0.5	0.559131681806809	NA	0.5	0.183547545570455	NA	NA	NA	NA	0.00703645842675625	0.992963541573244	0.0352703912835898	mig	Hirundinidae
Alopochelidon_fucata	hypo_wi	0.785052054214644	0.5	0.745500508341902	NA	0.5	0.188593233331466	NA	0.5	0.303060769352467	NA	NA	NA	NA	0.00517916924946584	0.994820830750534	0.0489316808268058	mig	Hirundinidae
Atticora_fasciata	real	0.465283198145076	0.5	0.388660979905237	NA	0.5	0.00246515748099652	NA	0.5	0.0844314259143787	NA	12.746902145795	6.07189934380212	6.67500280199292	0.132612429638184	0.867387570361816	0.0114636681627573	res	Hirundinidae
Atticora_melanoleuca	real	0.475551693809207	0.5	0.345662772002293	NA	0.5	0.268273255449011	NA	0.5	0.182318273626323	NA	12.5995174338179	6.02042555081137	6.5790918830065	0.156654062552714	0.843345937447286	0.0322444047020847	res	Hirundinidae
Cecropis_abyssinica	real	0.616380701537212	0.5	0.60386853658058	NA	0.5	0.180690616566173	NA	0.5	0.325677680658341	NA	15.3577137341639	7.86979332918052	7.48792040498341	0.00351417877515596	0.996485821224844	0.0762158523601575	mig	Hirundinidae
Cecropis_abyssinica	hypo_br	0.698955433115342	0.5	0.565914532823637	NA	0.5	0.660474595186945	NA	0.5	0.0984753048920924	NA	NA	NA	NA	0.00410061394305653	0.995899386056943	0.0627386978948152	mig	Hirundinidae
Cecropis_abyssinica	hypo_wi	0.682856693710994	0.5	0.596541499633754	NA	0.5	0.400182822685579	NA	0.5	0.249624075901477	NA	NA	NA	NA	0.0021041117961354	0.997895888203865	0.0776272983957662	mig	Hirundinidae
Cecropis_badia	real	0.418854076082191	1	0.672398365157722	NA	0.5	0.114836513337612	NA	0.5	0.106187124155606	NA	10.6517494475364	5.25804266241936	5.39370678511701	0.345175257764423	0.654824742235577	0.301582074636433	res	Hirundinidae
Cecropis_cucullata	real	0.429000679582974	1	0.504812410587538	NA	0.5	0.0161304281121986	NA	0.5	0.0604655845390489	NA	14.8790733455334	7.39671659148976	7.4823567540436	0.140755929345227	0.859244070654773	0.0321507111397003	mig	Hirundinidae
Cecropis_cucullata	hypo_br	0.260479683586832	1	0.47424706030582	NA	0.5	0.0321819272722796	NA	1	0.319497186546647	NA	NA	NA	NA	0.401251730531864	0.598748269468136	0.0457310601673139	mig	Hirundinidae
Cecropis_cucullata	hypo_wi	0.265097317900881	1	0.384464947563743	NA	1	0.473735453143534	NA	0.5	0.192212059664087	NA	NA	NA	NA	0.387544692031106	0.612455307968894	0.156192923637609	mig	Hirundinidae
Cecropis_domicella	real	0.386720106987552	0.5	0.348413382638652	NA	0.5	0.00976066232685024	NA	0.5	0.0267711420722465	NA	14.3280968070263	7.00175771198115	7.32633909504517	0.293288187779465	0.706711812220535	0.0735834609507399	mig	Hirundinidae
Cecropis_domicella	hypo_br	0.3436466927159	0.5	0.247739594943467	NA	1	0.412783522243195	NA	0.5	0.115343925511889	NA	NA	NA	NA	0.287291037873346	0.712708962126654	0.1201941948795	mig	Hirundinidae
Cecropis_domicella	hypo_wi	0.260797132986684	0.5	0.203123057748596	NA	0.5	0.111355735921609	NA	0.5	0.0401481426253265	NA	NA	NA	NA	0.257843227911397	0.742156772088603	0.0986054410041835	mig	Hirundinidae
Cecropis_hyperythra	real	0.250777977024256	1	0.548202782044442	NA	0.5	0.0373125307782712	NA	0.5	0.213664848252623	NA	10.7739508658883	4.94082110644289	5.83312975944541	0.686597089108071	0.313402910891929	0.364051370673179	mig	Hirundinidae
Cecropis_hyperythra	hypo_br	0.250777977024256	1	0.464397315477949	NA	0.5	0	NA	1	0.317952273647558	NA	NA	NA	NA	0.686597089108071	0.313402910891929	0.364051370673179	mig	Hirundinidae
Cecropis_hyperythra	hypo_wi	0.250777977024256	1	0.655869867001321	NA	0.5	0	NA	0.5	0.081734490704777	NA	NA	NA	NA	0.686597089108071	0.313402910891929	0.364051370673179	mig	Hirundinidae
Cecropis_semirufa	real	0.352149015112151	1	0.437254040668315	NA	0.5	0.249011437504353	NA	0.5	0.0102563291530452	NA	14.4754610097124	7.82380088068619	6.65166012902622	0.00141194647700861	0.998588053522991	0.274598982406677	mig	Hirundinidae
Cecropis_semirufa	hypo_br	0.831749365465339	0.5	0.733794576748411	NA	0.5	0.00149756500250908	NA	0.5	0.418248950719094	NA	NA	NA	NA	0.0525103210553634	0.947489678944637	0.0186517185506772	mig	Hirundinidae
Cecropis_semirufa	hypo_wi	0.485448079592725	0.5	0.455037215111945	NA	0.5	0.0777710244976777	NA	0.5	0.0754539158955305	NA	NA	NA	NA	0.0148006736679856	0.985199326332014	0.143396737590671	mig	Hirundinidae
Cecropis_senegalensis	real	0.550936061408458	0.5	0.339488953425211	NA	0.5	0.130790227988136	NA	0.5	0.246095222158342	NA	15.1595693312921	7.71425894803088	7.44531038326122	0.117009367103367	0.882990632896633	0.104234629249546	res	Hirundinidae
Cecropis_striolata	real	0.583142570437776	1	0.707872668205734	NA	0.5	0	NA	0.5	0.109663558689251	NA	13.6874726260187	6.77716885850315	6.91030376751553	0.0885162606975013	0.911483739302499	0.0748738031790813	mig	Hirundinidae
Cecropis_striolata	hypo_br	0.593837445302305	1	0.782779419284471	NA	0.5	0	NA	0.5	0.3506081488016	NA	NA	NA	NA	0.0942186277183319	0.905781372281668	0.057285594189822	mig	Hirundinidae
Cecropis_striolata	hypo_wi	0.577589033738548	1	0.707284663040536	NA	0.5	0.200521932092819	NA	0.5	0.356627175090944	NA	NA	NA	NA	0.108487282597219	0.891512717402781	0.063146887427766	mig	Hirundinidae
Cheramoeca_leucosterna	real	0.717643987787917	0.5	0.306756874333939	NA	0.5	0.47770745601884	NA	0.5	0.163051542206765	NA	15.5943346039461	7.82628577087019	7.76804883307586	0.0585837273939927	0.941416272606007	0.155868704386341	res	Hirundinidae
Delichon_dasypus	real	0.457987318516746	1	0.575123824394315	NA	0.5	0.065911262167046	NA	0.5	0.256125392301006	NA	15.3060373048659	7.58416812494986	7.72186917991602	0.0936923275999482	0.906307672400052	0.00306323076831983	mig	Hirundinidae
Delichon_dasypus	hypo_br	0.653336238504947	0.5	0.431251668514007	NA	0.5	0.507307893003196	NA	0.5	0.0467741694465204	NA	NA	NA	NA	0.243081669778018	0.756918330221982	0.0133656235876152	mig	Hirundinidae
Delichon_dasypus	hypo_wi	0.150781745336879	1	0.283481652651376	NA	0.5	0	NA	0.5	0.0784937596249058	NA	NA	NA	NA	0.628042672609409	0.371957327390591	0.0682827993555652	mig	Hirundinidae
Delichon_nipalense	real	0.276901120453798	1	0.472043217997466	NA	0.5	0.0508882422072103	NA	1	0.303175798298487	NA	15.1392678676833	7.51439299132401	7.62487487635929	0.275303847427899	0.724696152572101	0.460102806354443	res	Hirundinidae
Delichon_urbicum	real	0.269410334961859	1	0.564645766171852	NA	0.5	0.0205967408668615	NA	0.5	0.0302483723941962	NA	13.6746410360487	6.95294256590212	6.72169847014661	0.0331168897520017	0.966883110247998	0.228261393930204	mig	Hirundinidae
Delichon_urbicum	hypo_br	0.367551348360611	1	0.441506123782878	NA	0.5	0.134731052388678	NA	0.5	0.137425157807669	NA	NA	NA	NA	0.0213739220360084	0.978626077963992	0.094560798309634	mig	Hirundinidae
Delichon_urbicum	hypo_wi	0.174132224035806	1	0.303350961103688	NA	0.5	0.0193927122952594	NA	1	0.228246546531503	NA	NA	NA	NA	0.67866489242178	0.32133510757822	0.063195207227032	mig	Hirundinidae
Haplochelidon_andecola	real	0.432258691575456	1	0.502649020162447	NA	0.5	0.0157882188425666	NA	0.5	0	NA	14.8186133764808	7.43345248847002	7.3851608880108	0.365364738844445	0.634635261155555	0.219618340664304	res	Hirundinidae
Hirundo_aethiopica	real	0.445506555195128	0.5	0.318394855779751	NA	0.5	0.240841205175935	NA	0.5	0.109839664612604	NA	15.1854488750288	7.59121220714329	7.59423666788548	0.0884360119465408	0.911563988053459	0.110171450877716	res	Hirundinidae
Hirundo_albigularis	real	0.429579280283194	0.5	0.403007725427177	NA	0.5	0.421687691725028	NA	0.5	0.22349920014315	NA	15.3707918708746	7.58025211867576	7.79053975219888	0.208863570209289	0.791136429790711	0.0796172769955099	mig	Hirundinidae
Hirundo_albigularis	hypo_br	0.396401559410152	1	0.402017667811134	NA	0.5	0.214623704760212	NA	0.5	0.29801915879824	NA	NA	NA	NA	0.225700066069892	0.774299933930108	0.0736483868941041	mig	Hirundinidae
Hirundo_albigularis	hypo_wi	0.361065849875734	1	0.424067847506348	NA	0.5	0.123304413892891	NA	0.5	0.039176676793056	NA	NA	NA	NA	0.255377750948452	0.744622249051549	0.119848152980754	mig	Hirundinidae
Hirundo_angolensis	real	0.685901812510428	0.5	0.676414928118311	NA	0.5	0.280220166093178	NA	0.5	0.0992778378467454	NA	14.1529227776221	6.95356385657826	7.1993589210438	0.0394789870062948	0.960521012993705	0.0163850760190232	res	Hirundinidae
Hirundo_atrocaerulea	real	0.138502039458937	1	0.717091063657404	NA	0.5	0	NA	0.5	0.00221798196321632	NA	11.6090073748856	6.51946860722688	5.08953876765877	0.0571763220944968	0.942823677905503	0.658289885700422	mig	Hirundinidae
Hirundo_atrocaerulea	hypo_br	0.511029596212725	1	0.766116519394732	NA	0.5	0.159118432599265	NA	0.5	0	NA	NA	NA	NA	0.153577978548577	0.846422021451423	0.547564842657549	mig	Hirundinidae
Hirundo_atrocaerulea	hypo_wi	0.304840212766794	1	0.645869614916942	NA	0.5	0.178698838737264	NA	0.5	0.0611359057534503	NA	NA	NA	NA	0.575340136837931	0.424659863162069	0.509071645626601	mig	Hirundinidae
Hirundo_dimidiata	real	0.18506365907626	1	0.46071530407079	NA	1	0.305521040704578	NA	1	0.229253690127714	NA	14.7730203290327	7.87736335250449	6.89565697652816	0.0152529290087974	0.984747070991203	0.476253083947114	mig	Hirundinidae
Hirundo_dimidiata	hypo_br	0.189429484672126	1	0.421934831889127	NA	0.5	0.159325922969168	NA	0.5	0.017735033581964	NA	NA	NA	NA	0.0351929243510175	0.964807075648982	0.458353407984789	mig	Hirundinidae
Hirundo_dimidiata	hypo_wi	0.253524546389049	1	0.466560672345079	NA	0.5	0.201702008475657	NA	0.5	0.0733242791926799	NA	NA	NA	NA	0.0161415921850273	0.983858407814973	0.403711476868986	mig	Hirundinidae
Hirundo_domicola	real	0.219164130445258	1	0.603311017646811	NA	0.5	0.11152307746636	NA	0.5	0	NA	12.2004603295708	6.56368685373534	5.63677347583543	0.191602723118716	0.808397276881284	0.682281632720854	res	Hirundinidae
Hirundo_leucosoma	real	0.592810525373618	0.5	0.29620393495175	NA	0.5	0.17560112975403	NA	0.5	0.0919380545841059	NA	13.8671905319512	6.75734409896783	7.10984643298334	0.296739381790238	0.703260618209762	0.146316650162654	mig	Hirundinidae
Hirundo_leucosoma	hypo_br	0.568747695081287	0.5	0.287891144472569	NA	0.5	0.0326941009446907	NA	0.5	0.314913187635355	NA	NA	NA	NA	0.29175561202785	0.70824438797215	0.1800065187141	mig	Hirundinidae
Hirundo_leucosoma	hypo_wi	0.580043697172096	0.5	0.287197184711296	NA	0.5	0	NA	0.5	0.212427374502106	NA	NA	NA	NA	0.284538924653998	0.715461075346002	0.169838816096529	mig	Hirundinidae
Hirundo_lucida	real	0.293176441078815	1	0.375030563379254	NA	1	0.51511905857543	NA	0.5	0.170421460809316	NA	14.7213360396006	7.05457844986723	7.6667575897334	0.401054346189562	0.598945653810438	0.107425544428229	mig	Hirundinidae
Hirundo_lucida	hypo_br	0.30296179900149	1	0.434938726303799	NA	1	0.330866438039667	NA	0.5	0.0244423408070822	NA	NA	NA	NA	0.375176954468526	0.624823045531474	0.119483736232112	mig	Hirundinidae
Hirundo_lucida	hypo_wi	0.272002712626039	1	0.373342758283856	NA	0.5	0.260986398552267	NA	0.5	0.239564993129697	NA	NA	NA	NA	0.404312592545005	0.595687407454995	0.0915236931464375	mig	Hirundinidae
Hirundo_megaensis	real	0.326892493720798	1	0.61518052696268	NA	1	0.457409132093807	NA	0.5	0	NA	12.075260465642	5.69403036911286	6.38123009652918	0.676063714753357	0.323936285246643	0.305299110269034	res	Hirundinidae
Hirundo_nigrita	real	0.407150031738162	1	0.468378146735576	NA	0.5	0.040120092965931	NA	0.5	0.333666507999041	NA	12.979652700346	6.34114646737145	6.63850623297451	0.156895400591216	0.843104599408784	0.050897289568062	res	Hirundinidae
Hirundo_nigrorufa	real	0.00287160627827365	1	0.480226492989297	NA	1	0.165118599955607	NA	0.5	9.57039171294305e-05	NA	12.4047665829667	6.78496055154574	5.619806031421	0.987542590649742	0.0124574093502581	0.994593142913413	mig	Hirundinidae
Hirundo_nigrorufa	hypo_br	0.011041985525821	1	0.484880798736773	NA	1	0.280483553207808	NA	1	0.320826083545599	NA	NA	NA	NA	0.892888801918328	0.107111198081672	0.978513314913047	mig	Hirundinidae
Hirundo_nigrorufa	hypo_wi	0.00416629287133763	1	0.508469155343362	NA	1	0.141755529411895	NA	1	0.0518095340886318	NA	NA	NA	NA	0.982306600930254	0.0176933990697461	0.992263873340573	mig	Hirundinidae
Hirundo_rustica	real	0.556146835379487	1	0.650255720446611	NA	0.5	0.0720298133275395	NA	0.5	0.312924146030585	NA	14.2533267822357	7.3017896931815	6.95153708905424	0.00814776068644118	0.991852239313559	0.0202317979295421	mig	Hirundinidae
Hirundo_rustica	hypo_br	0.460661495775578	1	0.615715872009026	NA	0.5	0	NA	0.5	0.0896793868407314	NA	NA	NA	NA	0.00857564426795787	0.991424355732042	0.0342535405270539	mig	Hirundinidae
Hirundo_rustica	hypo_wi	0.315057496298897	0.5	0.253010850726467	NA	0.5	0.268670087989546	NA	1	0.338136381121475	NA	NA	NA	NA	0.531321100645718	0.468678899354282	0.0773425892153357	mig	Hirundinidae
Hirundo_smithii	real	0.773700176709613	0.5	0.596347930431099	NA	0.5	0.309585331990995	NA	0.5	0.0601356227811686	NA	14.5982806209526	7.42761126252294	7.17066935842968	0.00372555079254393	0.996274449207456	0.0211721933643245	mig	Hirundinidae
Hirundo_smithii	hypo_br	0.812459853172698	0.5	0.736940554894374	NA	0.5	0.411968355292483	NA	0.5	0.790789642455571	NA	NA	NA	NA	0.00808387830845748	0.991916121691543	0.00469923386971973	mig	Hirundinidae
Hirundo_smithii	hypo_wi	0.833079396390781	0.5	0.803092292519451	NA	0.5	0.0126487175635809	NA	0.5	0.0130342267623743	NA	NA	NA	NA	0.00845097826087608	0.991549021739124	0.00158483863756082	mig	Hirundinidae
Hirundo_tahitica	real	0.69790846999129	0.5	0.664231105339369	NA	0.5	0.359907530110441	NA	0.5	0.000313880566997327	NA	13.0645211041571	6.62673351595532	6.43778758820181	0.0225743403610286	0.977425659638971	0.0401205207825799	res	Hirundinidae
Neochelidon_tibialis	real	0.672848257672852	1	0.703316146611437	NA	0.5	0.318685546570141	NA	0.5	0.298592918660289	NA	13.1084158215097	6.41202519396585	6.69639062754385	0.0401754639374593	0.959824536062541	0.0117240620589358	res	Hirundinidae
Notiochelidon_cyanoleuca	real	0.791212214936343	0.5	0.73223282610375	NA	0.5	0.125019313645383	NA	0.5	0.453711826137595	NA	16.1758979200802	8.12798800773221	8.04790991234796	0.00850646722327948	0.99149353277672	0.00107234629202469	mig	Hirundinidae
Notiochelidon_cyanoleuca	hypo_br	0.864700433699166	0.5	0.734020757449991	NA	0.5	0.597449068705886	NA	0.5	0.445537146891967	NA	NA	NA	NA	0.0104520005483967	0.989547999451603	0.00127692738246335	mig	Hirundinidae
Notiochelidon_cyanoleuca	hypo_wi	0.862108307549668	0.5	0.741372118866094	NA	0.5	0.461299820417063	NA	0.5	0.457905072800408	NA	NA	NA	NA	0.00960767138905255	0.990392328610947	0.0025021699790724	mig	Hirundinidae
Notiochelidon_flavipes	real	0.34554998695738	1	0.618205294531183	NA	0.5	0.107243509708675	NA	0.5	0.11011869797562	NA	14.7365970749596	7.71592702588372	7.02067004907586	0.0749257699130712	0.925074230086929	0.447923916111673	res	Hirundinidae
Notiochelidon_murina	real	0.337447546123238	1	0.64191064206943	NA	0.5	0.28313332832697	NA	0.5	0.251634337229627	NA	15.8326626230626	8.21756956260578	7.61509306045685	0.0198934949673264	0.980106505032673	0.283278972724918	res	Hirundinidae
Notiochelidon_pileata	real	0.445497802032249	1	0.521615352425556	NA	0.5	0.440854038323595	NA	0.5	0.123077723231223	NA	15.5159704576847	7.89602371209204	7.61994674559265	0.241105631712571	0.758894368287429	0.475873637819499	res	Hirundinidae
Petrochelidon_fluvicola	real	0.150547780250919	1	0.410874005668723	NA	1	0.239290637621548	NA	0.5	0.0083927705252389	NA	14.4899611015286	7.22100274266041	7.2689583588682	0.589333484157856	0.410666515842144	0.165213016546816	mig	Hirundinidae
Petrochelidon_fluvicola	hypo_br	0.204503142159758	1	0.414688104857492	NA	1	0.240548409742742	NA	0.5	0.0689125447497907	NA	NA	NA	NA	0.321232638410744	0.678767361589256	0.156008732142773	mig	Hirundinidae
Petrochelidon_fluvicola	hypo_wi	0.152601082176899	1	0.409742389042502	NA	0.5	0.117566066831026	NA	0.5	0.0629950533014538	NA	NA	NA	NA	0.576863582617693	0.423136417382307	0.17664291487444	mig	Hirundinidae
Petrochelidon_fuliginosa	real	0.80936197285372	0.5	0.779893592007715	NA	0.5	0	NA	0.5	0	NA	11.1718803594053	5.55831848931124	5.61356187009408	0.0821288412382128	0.917871158761787	0.0361575004296274	res	Hirundinidae
Petrochelidon_fulva	real	0.427775050496164	1	0.543620270888208	NA	0.5	0	NA	0.5	0.167899204027928	NA	14.1240091128023	6.95952631849389	7.16448279430844	0.360997575874671	0.639002424125329	0.249981938360534	mig	Hirundinidae
Petrochelidon_fulva	hypo_br	0.430353015108244	1	0.571747082730816	NA	0.5	0.168438046022867	NA	0.5	0.0218311746147278	NA	NA	NA	NA	0.437761037181835	0.562238962818165	0.271380832839651	mig	Hirundinidae
Petrochelidon_fulva	hypo_wi	0.487073837856048	1	0.522297483102855	NA	0.5	0	NA	0.5	0.39506475502963	NA	NA	NA	NA	0.419730438300923	0.580269561699077	0.201178636926299	mig	Hirundinidae
Petrochelidon_preussi	real	0.464983313333155	1	0.611356088848202	NA	0.5	0.0176602914244941	NA	0.5	0.048995594539069	NA	14.766217618668	7.44099205306749	7.32522556560053	0.0781130280587099	0.92188697194129	0.130829697435933	mig	Hirundinidae
Petrochelidon_preussi	hypo_br	0.482713632390854	1	0.620233359548376	NA	0.5	0.156347178168061	NA	0.5	0.0441007512371939	NA	NA	NA	NA	0.0836371757476122	0.916362824252388	0.122867508195893	mig	Hirundinidae
Petrochelidon_preussi	hypo_wi	0.467195684261837	1	0.623873848624923	NA	0.5	0.0518222323713083	NA	0.5	0.164724913468638	NA	NA	NA	NA	0.0786329153747233	0.921367084625277	0.14472014641316	mig	Hirundinidae
Petrochelidon_pyrrhonota	real	0.384781028382438	0.5	0.310855862322698	NA	0.5	0.376841939141481	NA	0.5	0.239494786692077	NA	14.8526338677162	7.96687167372938	6.8857621939868	0.0308866046632506	0.969113395336749	0.246073150482937	mig	Hirundinidae
Petrochelidon_pyrrhonota	hypo_br	0.561380663645185	1	0.619812466005985	NA	0.5	0.4617101489373	NA	0.5	0.450382920731719	NA	NA	NA	NA	0.00203780019909597	0.997962199800904	0.0779661352183291	mig	Hirundinidae
Petrochelidon_pyrrhonota	hypo_wi	0.503242933151676	0.5	0.131106071018588	NA	0.5	0.117421083146129	NA	0.5	0.243638103541558	NA	NA	NA	NA	0.543519368850294	0.456480631149706	0.0862402085462006	mig	Hirundinidae
Petrochelidon_rufigula	real	0.0901710411561747	1	0.475163993920543	NA	1	0.101153507299683	NA	0.5	0.00113506297221211	NA	13.5780353930531	7.47656824403523	6.10146714901787	0.0562813714739443	0.943718628526056	0.764438174083339	mig	Hirundinidae
Petrochelidon_rufigula	hypo_br	0.106956925041423	1	0.462986137615503	NA	1	0.119137805469805	NA	0.5	0.0327714318413003	NA	NA	NA	NA	0.0289037745331417	0.971096225466858	0.704774476040959	mig	Hirundinidae
Petrochelidon_rufigula	hypo_wi	0.0941311319864401	1	0.554262794896866	NA	1	0.19234060543889	NA	0.5	0	NA	NA	NA	NA	0.051557547788952	0.948442452211048	0.759171425574738	mig	Hirundinidae
Petrochelidon_rufocollaris	real	0.475193184108971	0.5	0.349524655723505	NA	0.5	0.302426859861457	NA	0.5	0.221577940781536	NA	15.005803744723	7.79547106703627	7.21033267768674	0	1	0.300107730553384	res	Hirundinidae
Petrochelidon_spilodera	real	0.224065711767609	1	0.509983229987896	NA	0.5	0.00837140682696236	NA	0.5	0.175880800115248	NA	13.4362170784613	7.08485733569101	6.35135974277031	0.52897102412699	0.47102897587301	0.576644263256001	mig	Hirundinidae
Petrochelidon_spilodera	hypo_br	0.250926234039588	1	0.675746627747028	NA	0.5	0	NA	0.5	0.218272992101002	NA	NA	NA	NA	0.477288532629071	0.522711467370929	0.0042027106855302	mig	Hirundinidae
Petrochelidon_spilodera	hypo_wi	0.0270060759678298	1	0.235981703874289	NA	1	0.267134900633591	NA	0.5	0.00195395183881286	NA	NA	NA	NA	0.947778428999293	0.0522215710007074	0.937937682943628	mig	Hirundinidae
Phedina_borbonica	real	0.258104211765435	1	0.377014414606114	NA	0.5	0.126311433001227	NA	0.5	0.0549600585689615	NA	14.7536321996469	7.70311960373015	7.05051259591675	0.2195473812812	0.7804526187188	0.527425826284932	mig	Hirundinidae
Phedina_borbonica	hypo_br	0.217420599474225	1	0.783000976541665	NA	0.5	0.00213382295302489	NA	0.5	0.0722286004934812	NA	NA	NA	NA	0.231586043433363	0.768413956566637	0.537114490578098	mig	Hirundinidae
Phedina_borbonica	hypo_wi	0.324211879306207	1	0.482543090575699	NA	0.5	0.00790168483394138	NA	1	0.614208546403614	NA	NA	NA	NA	0.213067071722756	0.786932928277244	0.570450709576323	mig	Hirundinidae
Phedina_brazzae	real	0.139618186528629	1	0.738408768372538	NA	1	0.337440285282906	NA	0.5	0.0116047986195159	NA	10.9246552613195	6.29819652110111	4.62645874021842	0	1	0.677107548916036	res	Hirundinidae
Progne_chalybea	real	0.750437359703667	1	0.767124567602989	NA	0.5	0.276057370145667	NA	0.5	0.00153101328748562	NA	13.1060942363513	6.78369635337018	6.32239788298111	1.11476243444493e-05	0.999988852375655	0.0250607792223178	mig	Hirundinidae
Progne_chalybea	hypo_br	0.734187695618747	1	0.765404621108176	NA	0.5	0.019303361551295	NA	0.5	0.028014719494989	NA	NA	NA	NA	2.77342985124282e-05	0.999972265701487	0.0310419624604067	mig	Hirundinidae
Progne_chalybea	hypo_wi	0.741951368678561	1	0.77904835573513	NA	0.5	0.00619798488201184	NA	0.5	0	NA	NA	NA	NA	1.14231741971921e-05	0.999988576825803	0.0330735388889694	mig	Hirundinidae
Progne_elegans	real	0.147563345174946	1	0.629997506114433	NA	0.5	0	NA	0.5	0.0603137030898138	NA	14.0240381919569	7.58707766016271	6.4369605317942	0.157544760969304	0.842455239030696	0.536111588188869	mig	Hirundinidae
Progne_elegans	hypo_br	0.455686333453291	1	0.697197718481358	NA	0.5	0	NA	0.5	0.398189910620697	NA	NA	NA	NA	0.183792726814612	0.816207273185388	0.00336345325186803	mig	Hirundinidae
Progne_elegans	hypo_wi	0.21006574543833	1	0.558906747839162	NA	0.5	0.204671813532367	NA	0.5	0.0534498721872111	NA	NA	NA	NA	0.598088872091292	0.401911127908708	0.510367501598024	mig	Hirundinidae
Progne_subis	real	0.431577956052221	0.5	0.168267532308616	NA	0.5	0.0686631173562933	NA	0.5	0.244292674061601	NA	13.9153448770934	7.54397644445901	6.37136843263438	0.0263901439696497	0.97360985603035	0.49125872042467	mig	Hirundinidae
Progne_subis	hypo_br	0.676411678427871	1	0.705810844014691	NA	0.5	0.306505221045989	NA	0.5	0.263517385734054	NA	NA	NA	NA	0.0026755351281198	0.99732446487188	0.0436887620045998	mig	Hirundinidae
Progne_subis	hypo_wi	0.539492897755022	0.5	0.492531207506273	NA	0.5	0.445874974555785	NA	0.5	0.294736254126179	NA	NA	NA	NA	0.241541958396616	0.758458041603384	0.0238261284560856	mig	Hirundinidae
Progne_tapera	real	0.458935884518693	1	0.662112614814606	NA	0.5	0.0663552640640059	NA	0.5	0.277660665834297	NA	14.6650375831737	6.73090427267936	7.93413331049429	0.20215082478533	0.79784917521467	0	mig	Hirundinidae
Progne_tapera	hypo_br	0.517112248820111	1	0.628771510631952	NA	0.5	0.21497374170272	NA	0.5	0.238183366513149	NA	NA	NA	NA	0.12256520891006	0.877434791089939	0	mig	Hirundinidae
Progne_tapera	hypo_wi	0.46123890905284	1	0.638353986499651	NA	0.5	0.0336473390874473	NA	0.5	0.192200016079623	NA	NA	NA	NA	0.207145203636674	0.792854796363326	0	mig	Hirundinidae
Psalidoprocne_fuliginosa	real	0.00446839258920306	1	0.314966462963455	NA	0.5	0	NA	0.5	0	NA	8.82809052423121	4.45203651489305	4.37605400933816	0.981046181055637	0.018953818944363	0.967560068002977	res	Hirundinidae
Psalidoprocne_nitens	real	0.876658902052145	0.5	0.841720447726802	NA	0.5	0	NA	0.5	0.501807463116404	NA	13.4340490696913	6.72229302658544	6.71175604310586	0.0154897398576118	0.984510260142388	0.00210537719470147	mig	Hirundinidae
Psalidoprocne_nitens	hypo_br	0.911485758748058	0.5	0.81053905611968	NA	0.5	0.334232945881477	NA	0.5	0	NA	NA	NA	NA	0.00251304844779769	0.997486951552202	0.00111105178470812	mig	Hirundinidae
Psalidoprocne_nitens	hypo_wi	0.920194893621092	0.5	0.831245025039316	NA	0.5	0.0330700103169093	NA	0.5	0.350966576130481	NA	NA	NA	NA	0.00127961495842576	0.998720385041574	0.00101143170368366	mig	Hirundinidae
Psalidoprocne_obscura	real	0.140580535059163	1	0.221014627249765	NA	1	0.25424396683836	NA	1	0.184585174584123	NA	13.2571308033617	6.04342422294506	7.2137065804166	0.646300802149981	0.353699197850019	0.201238461989655	mig	Hirundinidae
Psalidoprocne_obscura	hypo_br	0.141747196543121	1	0.225363064885838	NA	0.5	0.0186341180047244	NA	0.5	0.00189397367865318	NA	NA	NA	NA	0.650455979620993	0.349544020379007	0.206968715140919	mig	Hirundinidae
Psalidoprocne_obscura	hypo_wi	0.139578411585763	1	0.229430301705761	NA	0.5	0.0218439221429115	NA	1	0.327886598621848	NA	NA	NA	NA	0.652254133310291	0.347745866689709	0.132024955489165	mig	Hirundinidae
Psalidoprocne_pristoptera	real	0.648124963189708	0.5	0.559246857376586	NA	1	0.650694882727701	NA	0.5	0.0638524822226059	NA	14.8554777797412	7.52860168247651	7.32687609726467	0.0228134409605911	0.977186559039409	0.0474531204565742	mig	Hirundinidae
Psalidoprocne_pristoptera	hypo_br	0.630770834444998	0.5	0.524097903695188	NA	0.5	0.0950780973571662	NA	0.5	0.172935047439901	NA	NA	NA	NA	0.0189601108305212	0.981039889169479	0.0588665647876191	mig	Hirundinidae
Psalidoprocne_pristoptera	hypo_wi	0.643698750730007	0.5	0.571781901376687	NA	0.5	0.216150682130894	NA	0.5	0.0445500629919959	NA	NA	NA	NA	0.0228921875070212	0.977107812492979	0.0473966976993895	mig	Hirundinidae
Pseudhirundo_griseopyga	real	0.395513010274872	0.5	0.375507260165162	NA	0.5	0.281251796428241	NA	0.5	0.151898775209418	NA	15.1562917734631	7.83497948575338	7.32131228770976	0.0818485772505262	0.918151422749474	0.205765989631934	mig	Hirundinidae
Pseudhirundo_griseopyga	hypo_br	0.416788134478308	0.5	0.369776041436648	NA	0.5	0.147600321112648	NA	0.5	0.0196994667213245	NA	NA	NA	NA	0.0530057767143922	0.946994223285608	0.19950298679677	mig	Hirundinidae
Pseudhirundo_griseopyga	hypo_wi	0.393724698828274	1	0.39562697648672	NA	0.5	0.226975902089784	NA	0.5	0.151718181063879	NA	NA	NA	NA	0.0530067859628885	0.946993214037111	0.216190967877968	mig	Hirundinidae
Pseudochelidon_eurystomina	real	0.0912809774776833	1	0.562362163270593	NA	1	0.542551346133106	NA	0.5	0	NA	11.0485683144309	5.19222156680165	5.85634674762922	0.769483190929427	0.230516809070573	0.428044929812252	mig	Hirundinidae
Pseudochelidon_eurystomina	hypo_br	0.218505257599088	1	0.488738705757384	NA	1	0.464879257448724	NA	0.5	0.0125581071991582	NA	NA	NA	NA	0.39180637284994	0.60819362715006	0.347477690286938	mig	Hirundinidae
Pseudochelidon_eurystomina	hypo_wi	0.17839227486536	1	0.656878430521268	NA	0.5	0	NA	0.5	1.11022302462516e-16	NA	NA	NA	NA	0.570641291892982	0.429358708107018	0.527417526342503	mig	Hirundinidae
Ptyonoprogne_concolor	real	0.863017814258319	0.5	0.801127410011085	NA	0.5	0.0590670981757122	NA	0.5	0.506087156211295	NA	15.1643108616051	7.46637577056761	7.69793509103747	0.00361811947948306	0.996381880520517	0.00205869814588403	res	Hirundinidae
Ptyonoprogne_obsoleta	real	0.29492238137147	1	0.671637826407628	NA	0.5	0	NA	0.5	0.0781870388654906	NA	14.1658870914363	6.871326659315	7.29456043212128	0.213606856361641	0.786393143638359	0.026165414546174	mig	Hirundinidae
Ptyonoprogne_obsoleta	hypo_br	0.347270025192375	1	0.683146947106177	NA	0.5	0.068955269451369	NA	0.5	0	NA	NA	NA	NA	0.0485347533422161	0.951465246657784	0.0590839880362001	mig	Hirundinidae
Ptyonoprogne_obsoleta	hypo_wi	0.204151945684992	1	0.700829283188101	NA	0.5	5.07536430773836e-05	NA	0.5	0.0636518408844526	NA	NA	NA	NA	0.235080107036412	0.764919892963588	0.17468699769618	mig	Hirundinidae
Ptyonoprogne_rupestris	real	0.388650414915742	1	0.553705386751906	NA	0.5	0.109924016507108	NA	0.5	0.0376546674298933	NA	14.5349967005704	7.17632130671763	7.35867539385275	0.192382566864097	0.807617433135903	0.0175301083111455	mig	Hirundinidae
Ptyonoprogne_rupestris	hypo_br	0.22028987976983	1	0.49471098706603	NA	0.5	0.101742331169422	NA	0.5	0.184950285443268	NA	NA	NA	NA	0.204626189176595	0.795373810823405	0.141416799110632	mig	Hirundinidae
Ptyonoprogne_rupestris	hypo_wi	0.208850160673614	1	0.336109252730784	NA	1	0.274050189379856	NA	1	0.254005081047029	NA	NA	NA	NA	0.452503199745354	0.547496800254646	0.204826033379515	mig	Hirundinidae
Riparia_congica	real	0.201453531919792	1	0.406307851213457	NA	0.5	0	NA	0.5	0.0690204279025972	NA	10.151076225355	4.75269216926527	5.39838405608978	0.588017937032744	0.411982062967256	0.255448700001202	res	Hirundinidae
Riparia_diluta	real	0.359352209012152	0.5	0.268085220330631	NA	0.5	0.0869570979588891	NA	0.5	0.22472215170407	NA	15.5938639555891	7.97003533821053	7.6238286173786	0.161862930009178	0.838137069990822	0.39287370858711	mig	Hirundinidae
Riparia_diluta	hypo_br	0.375349767511784	0.5	0.307000990364426	NA	0.5	0.148681231388993	NA	0.5	0.083654066346579	NA	NA	NA	NA	0.0454672519788169	0.954532748021183	0.256258006805877	mig	Hirundinidae
Riparia_diluta	hypo_wi	0.420211670210775	0.5	0.305278229037508	NA	0.5	0.0291390481846361	NA	0.5	0.0148162337709328	NA	NA	NA	NA	0.0439509931553857	0.956049006844614	0.326709721594141	mig	Hirundinidae
Riparia_riparia	real	0.33415554237624	1	0.59100804471006	NA	0.5	0	NA	0.5	0.229218612237461	NA	14.6541546437	7.40023755269518	7.2539170910048	0.0173371104459547	0.982662889554045	0.0546627703616369	mig	Hirundinidae
Riparia_riparia	hypo_br	0.387970808142102	0.5	0.373966606181353	NA	0.5	0.113008929506195	NA	0.5	0.0340728366877943	NA	NA	NA	NA	0.0716528967313326	0.928347103268667	0.0533759699999515	mig	Hirundinidae
Riparia_riparia	hypo_wi	0.237531676659924	0.5	0.194425423534155	NA	0.5	0.160992129224839	NA	0.5	0.0813785586223321	NA	NA	NA	NA	0.565279350937951	0.434720649062049	0.0709792816438706	mig	Hirundinidae
Stelgidopteryx_ruficollis	real	0.598522211404486	1	0.648486049079622	NA	0.5	0.39211667657497	NA	0.5	0.0585751508473961	NA	13.8287777014556	7.27485948149362	6.55391821996193	0.00242916493000628	0.997570835069994	0.0547087714210459	mig	Hirundinidae
Stelgidopteryx_ruficollis	hypo_br	0.599438310004278	1	0.67440566684923	NA	0.5	0.432757385346456	NA	0.5	0.0149066297481802	NA	NA	NA	NA	0.00330136414192446	0.996698635858076	0.0457181662840273	mig	Hirundinidae
Stelgidopteryx_ruficollis	hypo_wi	0.651091635269887	1	0.65628022109911	NA	0.5	0.623715786103129	NA	0.5	0.063934231940229	NA	NA	NA	NA	0.00187506927607391	0.998124930723926	0.0505716214919669	mig	Hirundinidae
Stelgidopteryx_serripennis	real	0.358265606349049	1	0.569525416159976	NA	0.5	0.141964446378196	NA	1	0.368680626437469	NA	15.0632814726607	7.75458587549493	7.30869559716572	0.0536277210876984	0.946372278912302	0.347716684779685	mig	Hirundinidae
Stelgidopteryx_serripennis	hypo_br	0.671459602088561	0.5	0.66825903145819	NA	0.5	0.0294782506482373	NA	0.5	0.0036563813506415	NA	NA	NA	NA	0.0231925738383919	0.976807426161608	0.0412243572132243	mig	Hirundinidae
Stelgidopteryx_serripennis	hypo_wi	0.807620321131563	0.5	0.620906246742093	NA	0.5	0.167575754956033	NA	0.5	0.127763212723551	NA	NA	NA	NA	0.0195296743372269	0.980470325662773	0.0050504510830121	mig	Hirundinidae
Tachycineta_albilinea	real	0.514627322999842	1	0.754574037091266	NA	0.5	0	NA	0.5	0	NA	13.5241198302151	6.97090343657509	6.55321639363999	0.0442938259808138	0.955706174019186	0.108634553326996	res	Hirundinidae
Tachycineta_albiventer	real	0.429939029447986	1	0.499673636785385	NA	0.5	0.0323721734897849	NA	0.5	0.322462112712453	NA	13.7410385881637	6.47392766564428	7.26711092251943	0.165410562316077	0.834589437683923	0.00186829347798346	mig	Hirundinidae
Tachycineta_albiventer	hypo_br	0.450878594278895	1	0.487427041385655	NA	0.5	0.134398690261331	NA	1	0.485860490263637	NA	NA	NA	NA	0.147243491023991	0.852756508976009	0.0114555323984889	mig	Hirundinidae
Tachycineta_albiventer	hypo_wi	0.505199813488714	0.5	0.491912301666769	NA	0.5	0.116060325459248	NA	0.5	0.11391991952123	NA	NA	NA	NA	0.136153249008815	0.863846750991185	0.00181107578147923	mig	Hirundinidae
Tachycineta_bicolor	real	0.416251191517679	0.5	0.349096664920809	NA	0.5	0.0425945503310613	NA	0.5	0.258492179975015	NA	14.942967593478	7.47705676047096	7.46591083300707	0.138113930640015	0.861886069359985	0.168705764515116	mig	Hirundinidae
Tachycineta_bicolor	hypo_br	0.37321936671985	1	0.377826702571995	NA	0.5	0	NA	0.5	0.0690457265402123	NA	NA	NA	NA	0.278062873145395	0.721937126854605	0.154798059298894	mig	Hirundinidae
Tachycineta_bicolor	hypo_wi	0.226232164725065	0.5	0.106016625313176	NA	0.5	0.163305040166615	NA	0.5	0.173345439742939	NA	NA	NA	NA	0.624635800030109	0.375364199969891	0.37666443182036	mig	Hirundinidae
Tachycineta_euchrysea	real	0	1	0.333404276110377	NA	1	0	NA	1	0	NA	10.2810705717883	5.01226745854582	5.26880311324247	1	0	1	res	Hirundinidae
Tachycineta_leucorrhoa	real	0.586563826989059	1	0.65671553462463	NA	0.5	0.0284929755775917	NA	0.5	0.326480038703729	NA	14.6781052516105	7.17336254134537	7.50474271026509	0.11431664253226	0.88568335746774	0.00972550171985996	mig	Hirundinidae
Tachycineta_leucorrhoa	hypo_br	0.585361437569543	1	0.633994903654125	NA	0.5	0.124863361258482	NA	0.5	0.319890700634528	NA	NA	NA	NA	0.110313034034588	0.889686965965412	0.00693024011045104	mig	Hirundinidae
Tachycineta_leucorrhoa	hypo_wi	0.529243623520271	1	0.653675038770765	NA	0.5	0.429887288791534	NA	0.5	0.0009963994706087	NA	NA	NA	NA	0.149926447343283	0.850073552656717	0.159745814116439	mig	Hirundinidae
Tachycineta_thalassina	real	0.331648103955823	0.5	0.324373293738272	NA	0.5	0.0470055208322919	NA	1	0.405092086597461	NA	15.1003935536375	7.89412532161258	7.20626823202493	0.0122067242718258	0.987793275728174	0.349434447350908	NA	Hirundinidae
Tachycineta_thalassina	hypo_br	0.367831463988144	1	0.413987790727182	NA	0.5	0.174597302153569	NA	0.5	0.214163759355541	NA	NA	NA	NA	0.206780642641727	0.793219357358273	0.153401436906756	NA	Hirundinidae
Tachycineta_thalassina	hypo_wi	0.420836166311416	0.5	0.140651365878484	NA	0.5	0.137038786119457	NA	0.5	0.211771300345904	NA	NA	NA	NA	0.470746566974401	0.529253433025599	0.13936368455738	NA	Hirundinidae
