Species	Comparison	D.obs	eq.P	eq.mean.sim	eq.se.sim	si12.P	si12.mean.sim	si12.se.sim	si21.P	si21.mean.sim	si21.se.sim	an_breadth	Br_breadth	Wi_breadth	Niche_expansion	Niche_stability	Niche_unfilling	migration	clade
Alopochelidon_fucata	real	0.543575884105725	0.5	0.512097924081085	NA	0.5	0.0357278888224687	NA	0.5	0.0693878530780728	NA	14.1303217523145	7.16280218624088	6.96751956607357	0.0386643948724673	0.961335605127533	0.112593322119644	mig	Hirundinidae
Alopochelidon_fucata	hypo_br	0.468788607957985	1	0.486437606750451	NA	0.5	0.0777245272534858	NA	0.5	0.0831025307340727	NA	NA	NA	NA	0.049775881525521	0.950224118474479	0.151364214763839	mig	Hirundinidae
Alopochelidon_fucata	hypo_wi	0.446105238316593	1	0.509832369281472	NA	0.5	0.180514552327255	NA	0.5	0.074325906398238	NA	NA	NA	NA	0.0513477949931161	0.948652205006884	0.200563425260176	mig	Hirundinidae
Atticora_fasciata	real	0.591285774554453	0.5	0.31474646126169	NA	0.5	0.268625645998943	NA	0.5	0.106695149141615	NA	13.8718489188357	6.97683846940416	6.89501044943152	0.0188987899342083	0.981101210065792	0.201922717048034	res	Hirundinidae
Atticora_melanoleuca	real	0.456997297162789	0.5	0.330366258461921	NA	0.5	0.071227038109522	NA	0.5	0.0470562818899722	NA	14.2715091259276	7.20458587315633	7.0669232527713	0.0770703691078208	0.922929630892179	0.31359567688807	res	Hirundinidae
Cecropis_abyssinica	real	0.795987986437856	0.5	0.604274598765334	NA	0.5	0.270786426136173	NA	0.5	0.197554530419139	NA	15.5681015604077	7.86312246512578	7.70497909528196	0.00498704899952784	0.995012951000472	0.0470379753788462	mig	Hirundinidae
Cecropis_abyssinica	hypo_br	0.817604394097795	0.5	0.631573606248767	NA	0.5	0.56562670346373	NA	0.5	0.673157859178792	NA	NA	NA	NA	0.0037485134276039	0.996251486572396	0.0410086867438241	mig	Hirundinidae
Cecropis_abyssinica	hypo_wi	0.811698436657402	0.5	0.610687078015886	NA	0.5	0.372737920807691	NA	0.5	0.114798300421861	NA	NA	NA	NA	0.00395870940252536	0.996041290597475	0.0422785905079358	mig	Hirundinidae
Cecropis_badia	real	0.314821472803135	1	0.616412907746035	NA	0.5	0.0846587752054097	NA	0.5	0.125998215664681	NA	10.7302103345001	4.77687660634103	5.95333372815907	0.606755958320661	0.393244041679339	0.0105401249170645	res	Hirundinidae
Cecropis_cucullata	real	0.41717930319815	1	0.480538268117655	NA	1	0.426487658007223	NA	0.5	0.0608649357849934	NA	14.1748901385462	7.27972438999449	6.8951657485517	0.115724179018448	0.884275820981552	0.366838911084078	mig	Hirundinidae
Cecropis_cucullata	hypo_br	0.286840092088079	1	0.465771219800926	NA	0.5	0.135453520955377	NA	1	0.644026980796475	NA	NA	NA	NA	0.230652901221843	0.769347098778157	0.247463234598273	mig	Hirundinidae
Cecropis_cucullata	hypo_wi	0.232691923693652	1	0.24233870026692	NA	0.5	0.0996098570925409	NA	0.5	0.0464425787813626	NA	NA	NA	NA	0.49517647859981	0.504823521400189	0.61770711332687	mig	Hirundinidae
Cecropis_domicella	real	0.566211440898959	0.5	0.334835381354859	NA	0.5	0.0907551046593723	NA	1	0.621236515738651	NA	15.0127907667938	7.45303844245352	7.55975232434029	0.272619190779319	0.727380809220681	0.0780209624697415	mig	Hirundinidae
Cecropis_domicella	hypo_br	0.529709052370565	0.5	0.31701735520648	NA	0.5	0.102713347540888	NA	0.5	0.0992657100129407	NA	NA	NA	NA	0.12721631749677	0.87278368250323	0.125562386649456	mig	Hirundinidae
Cecropis_domicella	hypo_wi	0.508791758944794	0.5	0.351099553288795	NA	0.5	0.455061695130912	NA	0.5	0.243354476028694	NA	NA	NA	NA	0.267628213155327	0.732371786844673	0.384500438319931	mig	Hirundinidae
Cecropis_hyperythra	real	0.217435433092203	1	0.416477041843274	NA	0.5	0	NA	1	0.413950893090168	NA	11.1641200514423	5.22450174836349	5.93961830307883	0.479971240429567	0.520028759570433	0.0850207405837925	mig	Hirundinidae
Cecropis_hyperythra	hypo_br	0.217435433092203	1	0.422737157157811	NA	0.5	0.129520900795586	NA	0.5	0.102394975059224	NA	NA	NA	NA	0.479971240429567	0.520028759570433	0.0850207405837925	mig	Hirundinidae
Cecropis_hyperythra	hypo_wi	0.217435433092203	1	0.486650372453666	NA	0.5	0.00566339700682528	NA	0.5	0.0504893644054923	NA	NA	NA	NA	0.479971240429567	0.520028759570433	0.0850207405837925	mig	Hirundinidae
Cecropis_semirufa	real	0.580758260638427	0.5	0.465192550158712	NA	0.5	0.05077220595245	NA	0.5	0.00492893278828377	NA	15.116879362482	7.80046154774719	7.31641781473477	0.00145017686344733	0.998549823136553	0.18055732347953	mig	Hirundinidae
Cecropis_semirufa	hypo_br	0.765827695786163	0.5	0.650742375603102	NA	0.5	0.0049336507165223	NA	0.5	0.00307484914475864	NA	NA	NA	NA	0.041159335679398	0.958840664320602	0.0194651069642232	mig	Hirundinidae
Cecropis_semirufa	hypo_wi	0.749333259393089	0.5	0.459858915180329	NA	0.5	0.120524781610962	NA	0.5	0.1017812439449	NA	NA	NA	NA	0.0142242645394382	0.985775735460562	0.06729564545533	mig	Hirundinidae
Cecropis_senegalensis	real	0.705401131442207	0.5	0.370444565761472	NA	0.5	0.241506793762867	NA	0.5	0.155128303526326	NA	15.0238260867341	7.53198968454609	7.491836402188	0.0748072206286469	0.925192779371353	0.0131212779297845	res	Hirundinidae
Cecropis_striolata	real	0.407533678764372	1	0.424011668846094	NA	0.5	0.0115147675443031	NA	0.5	0.230345569658786	NA	13.5756311648518	6.93803213299538	6.63759903185643	0.128436735352079	0.871563264647921	0.134449724725579	mig	Hirundinidae
Cecropis_striolata	hypo_br	0.477947646679031	1	0.509421019211112	NA	0.5	0.000110660828643638	NA	0.5	0.476515989087398	NA	NA	NA	NA	0.133910928296613	0.866089071703387	0.0974098387800773	mig	Hirundinidae
Cecropis_striolata	hypo_wi	0.349792692785105	1	0.425503991738133	NA	0.5	0.0263103558136645	NA	0.5	0.143343523399821	NA	NA	NA	NA	0.149967320994086	0.850032679005914	0.199676646671407	mig	Hirundinidae
Cheramoeca_leucosterna	real	0.572804492468845	0.5	0.225012184986742	NA	0.5	0.0252712383729004	NA	1	0.606554195476018	NA	14.4140904061925	7.0551353036888	7.35895510250371	0.113683022112988	0.886316977887012	0.189224714986997	res	Hirundinidae
Delichon_dasypus	real	0.45600043041063	0.5	0.393565206878036	NA	0.5	0.18108846514798	NA	0.5	0.383871924954709	NA	13.6841728038947	6.89334448805025	6.79082831584443	0.0789722373250737	0.921027762674926	0.101056579327712	mig	Hirundinidae
Delichon_dasypus	hypo_br	0.540715279089117	0.5	0.303251389759044	NA	0.5	0	NA	0.5	0.0651998763949203	NA	NA	NA	NA	0.200582720244783	0.799417279755217	0.103065687085862	mig	Hirundinidae
Delichon_dasypus	hypo_wi	0.186890490882925	0.5	0.182678508343286	NA	1	0.393369649038584	NA	0.5	0.0825914813884545	NA	NA	NA	NA	0.652625318612406	0.347374681387594	0.483885923963099	mig	Hirundinidae
Delichon_nipalense	real	0.0923231862650644	1	0.227774950123573	NA	0.5	0.021226333248072	NA	0.5	0.0264064202362001	NA	13.4140459419538	7.4631988519178	5.95084709003602	0.127763452254219	0.872236547745781	0.801347019918736	res	Hirundinidae
Delichon_urbicum	real	0.336466546617029	1	0.543907275579296	NA	0.5	0	NA	0.5	0.0653409414622751	NA	13.2937370271893	6.39311887369531	6.90061815349403	0.282496449066719	0.717503550933281	0.0366997840529934	mig	Hirundinidae
Delichon_urbicum	hypo_br	0.4074325389701	1	0.490177334716811	NA	0.5	0	NA	0.5	0.0616591622942771	NA	NA	NA	NA	0.0165391599770704	0.98346084002293	0.0307147567152171	mig	Hirundinidae
Delichon_urbicum	hypo_wi	0.12387774730465	0.5	0.0771108635057449	NA	1	0.327742387289561	NA	1	0.195648708276909	NA	NA	NA	NA	0.886605200068255	0.113394799931745	0.390512147059267	mig	Hirundinidae
Haplochelidon_andecola	real	0.255109534240444	1	0.360949017314148	NA	1	0.295223286400902	NA	0.5	0	NA	13.316890027265	6.89661945279837	6.42027057446662	0.401198961431623	0.598801038568377	0.505557197052306	res	Hirundinidae
Hirundo_aethiopica	real	0.411808992884967	1	0.453296111637857	NA	0.5	0.14498461492036	NA	0.5	0.0150562475508671	NA	14.9580953807806	7.72044340199731	7.23765197878326	0.0145938334128491	0.985406166587151	0.189994367915092	res	Hirundinidae
Hirundo_albigularis	real	0.265297633826176	1	0.340625377539566	NA	0.5	0.145952935317594	NA	0.5	0.190693630994093	NA	14.3536472911888	7.45202610130882	6.90162118987993	0.304303505520442	0.695696494479558	0.559161044822081	mig	Hirundinidae
Hirundo_albigularis	hypo_br	0.233479505045932	1	0.329905338435855	NA	0.5	0.0227450897379002	NA	1	0.50834400220792	NA	NA	NA	NA	0.335927156567495	0.664072843432505	0.519526343096912	mig	Hirundinidae
Hirundo_albigularis	hypo_wi	0.241457458849443	1	0.303003013687587	NA	0.5	0.0854543985398056	NA	1	0.267140129185493	NA	NA	NA	NA	0.400201004145364	0.599798995854636	0.615405091169327	mig	Hirundinidae
Hirundo_angolensis	real	0.682178358725791	0.5	0.562341516779571	NA	0.5	0.000628145433706484	NA	0.5	0.360045989323893	NA	14.4849747693716	7.2941182377332	7.19085653163843	0.0656218948868439	0.934378105113156	0.091654945443657	res	Hirundinidae
Hirundo_atrocaerulea	real	0.323913761515241	1	0.682396498925357	NA	0.5	0.137664637564022	NA	0.5	0	NA	12.1084587444956	6.50150675344893	5.60695199104671	0.125119212098541	0.874880787901459	0.528240195569321	mig	Hirundinidae
Hirundo_atrocaerulea	hypo_br	0.472849031743468	1	0.692276285200589	NA	0.5	0.025426002793606	NA	0.5	0.215765523337751	NA	NA	NA	NA	0.0808881320610118	0.919111867938988	0.476796639158534	mig	Hirundinidae
Hirundo_atrocaerulea	hypo_wi	0.0383339079707254	1	0.342544709437276	NA	0.5	0.0123493464002048	NA	0.5	0	NA	NA	NA	NA	0.923665288689025	0.0763347113109751	0.945544344106606	mig	Hirundinidae
Hirundo_dimidiata	real	0.313997644898604	1	0.704733889593329	NA	0.5	0.038836192138104	NA	1	0.379079027391354	NA	13.6191079556657	6.8235052921679	6.79560266349776	0.251906756504167	0.748093243495833	0.227757989029955	mig	Hirundinidae
Hirundo_dimidiata	hypo_br	0.313488434766212	1	0.71812206680522	NA	0.5	0.00361115886241026	NA	0.5	0.297687138998979	NA	NA	NA	NA	0.263876779444837	0.736123220555163	0.228589666425289	mig	Hirundinidae
Hirundo_dimidiata	hypo_wi	0.364386035413702	1	0.68969294030867	NA	0.5	0.00436405918928584	NA	0.5	0.0838563587203116	NA	NA	NA	NA	0.225615211265886	0.774384788734114	0.180562467845876	mig	Hirundinidae
Hirundo_domicola	real	0.178016348758039	1	0.539292140457363	NA	0.5	0.159855024400377	NA	0.5	0.170851249752852	NA	13.3541374875428	7.02972207513944	6.32441541240337	0.354866207074825	0.645133792925174	0.759023454238207	res	Hirundinidae
Hirundo_leucosoma	real	0.472457449148548	0.5	0.419712828620749	NA	0.5	0.446753756827306	NA	0.5	0.203847890689741	NA	15.069644933471	7.49025607752562	7.57938885594536	0.258693192741511	0.741306807258489	0.137476148207387	mig	Hirundinidae
Hirundo_leucosoma	hypo_br	0.3932438275344	1	0.410022008396428	NA	0.5	0.114135027602716	NA	0.5	0.205322803018954	NA	NA	NA	NA	0.100300975314724	0.899699024685277	0.179472820778093	mig	Hirundinidae
Hirundo_leucosoma	hypo_wi	0.477987107540836	0.5	0.428051890858822	NA	0.5	0.196404072305834	NA	0.5	0.231484621969295	NA	NA	NA	NA	0.255905787489258	0.744094212510742	0.1240063517576	mig	Hirundinidae
Hirundo_lucida	real	0.165031055696963	1	0.309932462946941	NA	0.5	0.14846348109898	NA	1	0.296969803502587	NA	14.7964555083289	7.44663720506446	7.3498183032644	0.20278114912853	0.79721885087147	0.307875140402083	mig	Hirundinidae
Hirundo_lucida	hypo_br	0.181996372223648	1	0.320520741114249	NA	1	0.240080851640854	NA	0.5	0.133167438998461	NA	NA	NA	NA	0.149724219427585	0.850275780572415	0.289295194695831	mig	Hirundinidae
Hirundo_lucida	hypo_wi	0.191184938472269	1	0.426330071678318	NA	0.5	0.188888750812587	NA	1	0.297399714887982	NA	NA	NA	NA	0.21276939866234	0.78723060133766	0.226791087330657	mig	Hirundinidae
Hirundo_megaensis	real	0.351943463256631	1	0.513843011442205	NA	0.5	0	NA	0.5	0.0416851389455859	NA	11.2561146805704	5.82783008221985	5.42828459835055	0.454534900851107	0.545465099148893	0.645501354560119	res	Hirundinidae
Hirundo_nigrita	real	0.307932851548433	1	0.524686147976269	NA	0.5	0.0148692898062569	NA	0.5	0	NA	13.4652163337977	6.39082333362596	7.07439300017174	0.242519858844576	0.757480141155424	0.0166161682872953	res	Hirundinidae
Hirundo_nigrorufa	real	0.000144916716710131	1	0.686311449223236	NA	1	0.422431381229093	NA	1	0.497533817843876	NA	11.2446802109845	5.76565321939775	5.47902699158673	0.999746028931348	0.000253971068652309	0.999854390229018	mig	Hirundinidae
Hirundo_nigrorufa	hypo_br	0.00152946882125937	1	0.690652683626952	NA	0.5	0	NA	1	0.00648424642352596	NA	NA	NA	NA	0.997221641544288	0.0027783584557117	0.998336159560969	mig	Hirundinidae
Hirundo_nigrorufa	hypo_wi	0.000144916716710131	1	0.695500243782238	NA	1	0.136855624140877	NA	0.5	0	NA	NA	NA	NA	0.999664443564211	0.000335556435788938	0.999854390229018	mig	Hirundinidae
Hirundo_rustica	real	0.556292590084965	0.5	0.53622211792232	NA	0.5	0.0851553453814581	NA	0.5	0.0601170519928146	NA	13.2401841714228	6.54162662618099	6.69855754524186	0.0117405593352027	0.988259440664797	0.0115659519720567	mig	Hirundinidae
Hirundo_rustica	hypo_br	0.415088055929475	1	0.558482871679671	NA	0.5	0.000141667154179625	NA	0.5	0.0508473083433132	NA	NA	NA	NA	0.00522695951690941	0.994773040483091	0.0368125292335438	mig	Hirundinidae
Hirundo_rustica	hypo_wi	0.18468204075085	0.5	0.13094617095181	NA	0.5	0.018609872808091	NA	1	0.190318790935494	NA	NA	NA	NA	0.694602316405796	0.305397683594204	0.344351167851477	mig	Hirundinidae
Hirundo_smithii	real	0.709071560207144	1	0.756399021774858	NA	1	0.779324769080975	NA	0.5	0.0636703832323418	NA	14.7803518083167	7.50258718984355	7.27776461847314	0.00102599470435971	0.99897400529564	0.00629229374606482	mig	Hirundinidae
Hirundo_smithii	hypo_br	0.827617849865838	0.5	0.749644335678469	NA	0.5	0.251497834673888	NA	0.5	0.0735136577017317	NA	NA	NA	NA	0.00217415459945049	0.99782584540055	0.00529867441240422	mig	Hirundinidae
Hirundo_smithii	hypo_wi	0.752621935485611	0.5	0.743519971397202	NA	0.5	0.368205038457454	NA	0.5	0.02715609278992	NA	NA	NA	NA	0.00333549540310598	0.996664504596894	0.00324537598417515	mig	Hirundinidae
Hirundo_tahitica	real	0.703823535914178	0.5	0.648440511904028	NA	0.5	0.0477960904580509	NA	0.5	0.276795066000306	NA	12.8677380470101	6.43220534604021	6.43553270096986	0.0163386601087282	0.983661339891272	0.0234095835930106	res	Hirundinidae
Neochelidon_tibialis	real	0.64359343554509	0.5	0.343286923353314	NA	0.5	0.0195052299049263	NA	0.5	0.0240938742436227	NA	14.0097771133021	7.1014844429645	6.90829267033755	0.0441065656582896	0.95589343434171	0.106166051281791	res	Hirundinidae
Notiochelidon_cyanoleuca	real	0.670074024421388	0.5	0.422901808551073	NA	0.5	0.0893038903464409	NA	0.5	0.290094971118424	NA	15.3560963261262	7.63543589586739	7.72066043025878	0.0639320626817061	0.936067937318294	0.00787558930521806	mig	Hirundinidae
Notiochelidon_cyanoleuca	hypo_br	0.760436501716188	0.5	0.384490546729277	NA	0.5	0.0711688233062099	NA	0.5	0.223490801764818	NA	NA	NA	NA	0.0319499234478774	0.968050076552123	0.0291777441735633	mig	Hirundinidae
Notiochelidon_cyanoleuca	hypo_wi	0.654663167834154	0.5	0.417015101881647	NA	0.5	0.213755869225577	NA	0.5	0.104020265642489	NA	NA	NA	NA	0.0862627858162364	0.913737214183764	0.0223304757923307	mig	Hirundinidae
Notiochelidon_flavipes	real	0.418804981818577	1	0.43396223486778	NA	0.5	0.176674217433193	NA	0.5	0.0824219779806962	NA	14.1792517609993	7.31142184008103	6.86782992091832	0.0644974846781304	0.93550251532187	0.423954759708643	res	Hirundinidae
Notiochelidon_murina	real	0.471413151376964	1	0.668939759851218	NA	0.5	0.0686413972727973	NA	0.5	0.0763779042114577	NA	14.9026083609446	7.63642776724683	7.26618059369777	0.0317690005544668	0.968230999445533	0.241091059445376	res	Hirundinidae
Notiochelidon_pileata	real	0.148922031588312	1	0.257513041882424	NA	0.5	0.0262295975244003	NA	1	0.254422250491402	NA	14.9307768654673	7.61706913594288	7.31370772952445	0.841591447363917	0.158408552636083	0.874531137343808	res	Hirundinidae
Petrochelidon_fluvicola	real	0.141932889753669	1	0.357576470268155	NA	0.5	0.0668894794984294	NA	1	0.323261715416957	NA	14.2608635107056	6.97145172935764	7.28941178134795	0.565727769019774	0.434272230980226	0.18692687244104	mig	Hirundinidae
Petrochelidon_fluvicola	hypo_br	0.215060698197215	1	0.385415227191145	NA	0.5	0.144906245234246	NA	0.5	0.141680536410584	NA	NA	NA	NA	0.472679830616996	0.527320169383004	0.16315829427957	mig	Hirundinidae
Petrochelidon_fluvicola	hypo_wi	0.140290282350123	1	0.387580633276285	NA	0.5	0.0491964718290082	NA	0.5	0.136914420250549	NA	NA	NA	NA	0.543800537293488	0.456199462706512	0.192816200990193	mig	Hirundinidae
Petrochelidon_fuliginosa	real	0.436247333463653	1	0.577241378360651	NA	0.5	0.410277984332909	NA	0.5	0.052909157020158	NA	13.5543447760964	6.44173634518143	7.11260843091498	0.401619508208756	0.598380491791244	0.0910689105944131	res	Hirundinidae
Petrochelidon_fulva	real	0.164587555211004	1	0.236521896454158	NA	0.5	0	NA	1	0.185899821014106	NA	13.7979018171274	7.02234539642695	6.77555642070046	0.45423757682055	0.54576242317945	0.592478581841383	mig	Hirundinidae
Petrochelidon_fulva	hypo_br	0.239335880651584	1	0.25941420907008	NA	0.5	0	NA	1	0.247126922770154	NA	NA	NA	NA	0.723257072883325	0.276742927116676	0.581632819095107	mig	Hirundinidae
Petrochelidon_fulva	hypo_wi	0.226155652169116	1	0.254426467807167	NA	0.5	0	NA	0.5	0.0390188369118752	NA	NA	NA	NA	0.497769284339125	0.502230715660875	0.511131218889605	mig	Hirundinidae
Petrochelidon_preussi	real	0.437695013288569	1	0.577392214847296	NA	0.5	0.291202646320924	NA	0.5	0.32519650867494	NA	15.6815886249272	7.78922176188421	7.89236686304303	0.13098669311238	0.86901330688762	0.077696848006297	mig	Hirundinidae
Petrochelidon_preussi	hypo_br	0.428632813610222	1	0.562946537295496	NA	0.5	0.312876104574834	NA	0.5	0.10131902986346	NA	NA	NA	NA	0.135282182329211	0.864717817670789	0.0773162201925607	mig	Hirundinidae
Petrochelidon_preussi	hypo_wi	0.440439462325694	1	0.579610378589689	NA	0.5	0.163138558595098	NA	0.5	0.1038052677562	NA	NA	NA	NA	0.132868396280177	0.867131603719823	0.0815253474366995	mig	Hirundinidae
Petrochelidon_pyrrhonota	real	0.405301047429053	0.5	0.137603240250632	NA	0.5	0.256803295459902	NA	0.5	0.0995041506335175	NA	14.6914485183341	7.34969567268392	7.34175284565017	0.335365669869538	0.664634330130462	0.126388986868545	mig	Hirundinidae
Petrochelidon_pyrrhonota	hypo_br	0.637535304657057	0.5	0.333253398603121	NA	0.5	0.221015843567417	NA	0.5	0.102911099769613	NA	NA	NA	NA	0.0907761853878849	0.909223814612115	0.0478548339085519	mig	Hirundinidae
Petrochelidon_pyrrhonota	hypo_wi	0.242227400069093	0.5	0.0820082453474043	NA	0.5	0.0189207825621051	NA	0.5	0.0258826479812297	NA	NA	NA	NA	0.663663811817579	0.336336188182421	0.316965157026025	mig	Hirundinidae
Petrochelidon_rufigula	real	0.0692161858917223	1	0.663849089957315	NA	1	0.118111036180205	NA	1	0.0913541312585422	NA	12.3520416439378	7.04060271862576	5.311438925312	0.454337417926787	0.545662582073213	0.905070868845106	mig	Hirundinidae
Petrochelidon_rufigula	hypo_br	0.081235025037761	1	0.629879333529715	NA	1	0.197616460620255	NA	1	0.14707654924642	NA	NA	NA	NA	0.395150705190712	0.604849294809288	0.877444123289982	mig	Hirundinidae
Petrochelidon_rufigula	hypo_wi	0.0648782793052862	1	0.681303086400552	NA	1	0.148732896683916	NA	0.5	0.0190449537149902	NA	NA	NA	NA	0.510762456433804	0.489237543566196	0.905628302677923	mig	Hirundinidae
Petrochelidon_rufocollaris	real	0.513545310214323	1	0.69312971543254	NA	0.5	0.133931098416121	NA	0.5	0.076988140484477	NA	12.7290464122069	6.76577050656388	5.96327590564302	0	1	0.361245786243042	res	Hirundinidae
Petrochelidon_spilodera	real	0.111099023998763	1	0.443572143893786	NA	0.5	0.00190061206382219	NA	0.5	0.0220362467379069	NA	13.1356061070376	6.95049321236543	6.18511289467214	0.204424860211105	0.795575139788895	0.792927413562767	mig	Hirundinidae
Petrochelidon_spilodera	hypo_br	0.173806885880408	1	0.548359644316248	NA	0.5	0.00878728182172772	NA	0.5	0	NA	NA	NA	NA	0.713770954716879	0.286229045283121	0.0763302565000374	mig	Hirundinidae
Petrochelidon_spilodera	hypo_wi	0.035368224220036	1	0.257377753391095	NA	0.5	0.0214663449551246	NA	0.5	0.0311149750986218	NA	NA	NA	NA	0.812231475244851	0.187768524755149	0.956706741466559	mig	Hirundinidae
Phedina_borbonica	real	0.179300079594758	1	0.705170968462113	NA	0.5	0.0437863722071415	NA	0.5	0.130722643537274	NA	13.4763454907803	6.27681346097179	7.19953202980854	0.710296641557014	0.289703358442986	0.131373798594976	mig	Hirundinidae
Phedina_borbonica	hypo_br	0.208710946932729	1	0.693052570940398	NA	0.5	0.00198508176788892	NA	1	0.250624309103505	NA	NA	NA	NA	0.641732363006206	0.358267636993794	0.217197348075927	mig	Hirundinidae
Phedina_borbonica	hypo_wi	0.367881349173104	1	0.535134770208898	NA	0.5	0.134934135168044	NA	0.5	0.349235906353499	NA	NA	NA	NA	0.684311027242432	0.315688972757568	0.49534122359944	mig	Hirundinidae
Phedina_brazzae	real	0.0260141205372521	1	0.64101317633818	NA	0.5	0	NA	0.5	0.00031086314865536	NA	10.5094478584114	6.27876642507891	4.23068143333247	0.690046299252269	0.309953700747731	0.96649592968305	res	Hirundinidae
Progne_chalybea	real	0.685289615778687	0.5	0.632205828188707	NA	0.5	0.0363804158282357	NA	0.5	0.45933174186047	NA	13.9404002943657	7.14017697830224	6.80022331606343	0.0149959252680718	0.985004074731928	0.0398127392068694	mig	Hirundinidae
Progne_chalybea	hypo_br	0.67608703890589	0.5	0.61084169718636	NA	0.5	0.00463591802998875	NA	0.5	0.0704203876853086	NA	NA	NA	NA	0.00842859137276124	0.991571408627239	0.0465706451079503	mig	Hirundinidae
Progne_chalybea	hypo_wi	0.698613765974506	0.5	0.642463693417895	NA	0.5	4.81659455889849e-05	NA	0.5	0.336402909958716	NA	NA	NA	NA	0.00958162217016822	0.990418377829832	0.0335466785631374	mig	Hirundinidae
Progne_elegans	real	0.0273504914776049	1	0.266933082290617	NA	0.5	0.012331259021968	NA	1	0.0644487512408279	NA	14.1066818246846	7.20298138450352	6.90370044018108	0.691713922434606	0.308286077565394	0.891687817448843	mig	Hirundinidae
Progne_elegans	hypo_br	0.365678152632167	1	0.574948827360075	NA	0.5	0.0188670176094544	NA	0.5	0.060999301900115	NA	NA	NA	NA	0.32177585910894	0.67822414089106	0.110393620933455	mig	Hirundinidae
Progne_elegans	hypo_wi	0.0369669439965534	1	0.119452050584505	NA	1	0.0617135289944736	NA	0.5	0.000308772764611165	NA	NA	NA	NA	0.903062870002046	0.0969371299979538	0.922899197494574	mig	Hirundinidae
Progne_subis	real	0.385458702760737	0.5	0.162731972609262	NA	0.5	0.273637056950994	NA	0.5	0.0122607545032284	NA	13.7584669364954	6.93423582808476	6.82423110841068	0.521789162117377	0.478210837882623	0.338211278100034	mig	Hirundinidae
Progne_subis	hypo_br	0.680382772256331	0.5	0.376724936637348	NA	0.5	0.387169621958045	NA	0.5	0.158437306277347	NA	NA	NA	NA	0.0539306579713164	0.946069342028684	0.0848929880190532	mig	Hirundinidae
Progne_subis	hypo_wi	0.319744734878567	0.5	0.172603164662783	NA	0.5	0.195743465945007	NA	0.5	0.314005480581928	NA	NA	NA	NA	0.383980019397203	0.616019980602797	0.234838202520958	mig	Hirundinidae
Progne_tapera	real	0.586800027879546	0.5	0.30544799860394	NA	0.5	0.311371816108711	NA	0.5	0.125885047207961	NA	15.0584354833902	7.32887476601586	7.72956071737429	0.175063021629221	0.824936978370779	0.0284810602661354	mig	Hirundinidae
Progne_tapera	hypo_br	0.620253606399105	0.5	0.30746593316361	NA	0.5	0.276407569448843	NA	0.5	0.107761644089264	NA	NA	NA	NA	0.144444839630047	0.855555160369953	0.0256428080736777	mig	Hirundinidae
Progne_tapera	hypo_wi	0.525929093988837	0.5	0.313600661675061	NA	0.5	0.342852143628424	NA	0.5	0.133560127580648	NA	NA	NA	NA	0.173910291226367	0.826089708773633	0.0962164123071444	mig	Hirundinidae
Psalidoprocne_fuliginosa	real	0	1	0.0510357502260915	NA	1	0.259605726540196	NA	1	0	NA	9.87767978500391	5.42280526483975	4.45487452016416	1	0	1	res	Hirundinidae
Psalidoprocne_nitens	real	0.904021881387024	0.5	0.877214814454281	NA	0.5	0.155121888213496	NA	0.5	1.88828480492953e-05	NA	14.1136032120864	7.08322755711233	7.03037565497406	0.00257362752108878	0.997426372478911	0.00642118605266915	mig	Hirundinidae
Psalidoprocne_nitens	hypo_br	0.899121566470183	0.5	0.690833981276882	NA	0.5	0.279416389603512	NA	0.5	0.465148528712209	NA	NA	NA	NA	0.00151669248497914	0.998483307515021	0.00447605514368221	mig	Hirundinidae
Psalidoprocne_nitens	hypo_wi	0.899030366054127	0.5	0.74459844082506	NA	0.5	0.0132123764940062	NA	0.5	0.012096524649436	NA	NA	NA	NA	0.00138515663907412	0.998614843360926	0.0047691980111984	mig	Hirundinidae
Psalidoprocne_obscura	real	0.0177136112056634	1	0.1528320879703	NA	1	0.113996927996731	NA	1	0.210102334403814	NA	14.0500394081012	7.05382021934103	6.99621918876012	0.796304011217474	0.203695988782526	0.832143232370982	mig	Hirundinidae
Psalidoprocne_obscura	hypo_br	0.018984035098116	1	0.183731318483727	NA	1	0.0667951100085837	NA	0.5	0.00118338434904186	NA	NA	NA	NA	0.804052252573019	0.195947747426981	0.83871478248096	mig	Hirundinidae
Psalidoprocne_obscura	hypo_wi	0.0172317294720958	1	0.162867748213772	NA	1	0.113402878962909	NA	1	0.363794041157772	NA	NA	NA	NA	0.803722974299073	0.196277025700927	0.836187817139246	mig	Hirundinidae
Psalidoprocne_pristoptera	real	0.713760567534143	0.5	0.539821537654377	NA	0.5	0.132722882142856	NA	0.5	0.123606874418512	NA	14.4283082118547	7.25078373740078	7.17752447445392	0.0237169842839914	0.976283015716009	0.0339738714281154	mig	Hirundinidae
Psalidoprocne_pristoptera	hypo_br	0.7105460788253	0.5	0.554625788329487	NA	0.5	0.305495858066009	NA	0.5	0.477777026043701	NA	NA	NA	NA	0.0161432399643739	0.983856760035626	0.0331850094043567	mig	Hirundinidae
Psalidoprocne_pristoptera	hypo_wi	0.712521622792493	0.5	0.553890193400567	NA	0.5	0.299148273021125	NA	0.5	0.336765270553526	NA	NA	NA	NA	0.0257981236336873	0.974201876366313	0.0320937489847885	mig	Hirundinidae
Pseudhirundo_griseopyga	real	0.375553629846406	1	0.489456979242278	NA	0.5	0.32649279786513	NA	0.5	0.0397594890043363	NA	14.5582163485919	7.35757939333495	7.20063695525698	0.0477898026187401	0.95221019738126	0.183572915844353	mig	Hirundinidae
Pseudhirundo_griseopyga	hypo_br	0.366726848597964	1	0.454646744234819	NA	0.5	0.0313089736799109	NA	0.5	0.147629888906036	NA	NA	NA	NA	0.0464602563720412	0.953539743627959	0.184645872080363	mig	Hirundinidae
Pseudhirundo_griseopyga	hypo_wi	0.361809181987227	1	0.461925861787712	NA	0.5	0.00724499904125542	NA	0.5	0.06027823590689	NA	NA	NA	NA	0.035727736519895	0.964272263480105	0.189764176612219	mig	Hirundinidae
Pseudochelidon_eurystomina	real	0.0658057010346625	1	0.42363053371241	NA	0.5	0	NA	0.5	0	NA	12.5970552121047	6.00736907022716	6.58968614187756	0.723657322752016	0.276342677247984	0.41235908047635	mig	Hirundinidae
Pseudochelidon_eurystomina	hypo_br	0.164724984956883	1	0.494042167268626	NA	0.5	1.11022302462516e-16	NA	0.5	0.0283781120916449	NA	NA	NA	NA	0.518180102083165	0.481819897916835	0.124239101174446	mig	Hirundinidae
Pseudochelidon_eurystomina	hypo_wi	0.326808019961159	1	0.694008161612283	NA	0.5	0.157810107053188	NA	0.5	0.0111895626923818	NA	NA	NA	NA	0.187307438676166	0.812692561323834	0.521774036017774	mig	Hirundinidae
Ptyonoprogne_concolor	real	0.754297604828622	0.5	0.6636594307965	NA	0.5	0.346930630708793	NA	0.5	0.270131826548401	NA	15.3562949656768	7.72968427601137	7.62661068966542	0.01031169594332	0.98968830405668	0.0118307351267975	res	Hirundinidae
Ptyonoprogne_obsoleta	real	0.33344754905002	1	0.696191466141964	NA	0.5	0.000831187617682416	NA	0.5	0.0826674609319051	NA	13.1634659632762	6.3539015668167	6.8095643964595	0.156492473198796	0.843507526801204	0.0282334311815794	mig	Hirundinidae
Ptyonoprogne_obsoleta	hypo_br	0.44826647520911	1	0.600895067195892	NA	0.5	0.0384101164702455	NA	0.5	0	NA	NA	NA	NA	0.0399925645310121	0.960007435468988	0.0661040811499648	mig	Hirundinidae
Ptyonoprogne_obsoleta	hypo_wi	0.33478097529245	1	0.733586054449196	NA	0.5	0.0118811590118554	NA	0.5	0	NA	NA	NA	NA	0.110332571421783	0.889667428578217	0.18074005061908	mig	Hirundinidae
Ptyonoprogne_rupestris	real	0.188127266119577	1	0.352750717365121	NA	0.5	0.0106094838094349	NA	0.5	0.0399541801442997	NA	13.2230998230343	6.58328657818546	6.63981324484884	0.410540965008225	0.589459034991775	0.136160529647864	mig	Hirundinidae
Ptyonoprogne_rupestris	hypo_br	0.0574594852479376	1	0.228462233550197	NA	1	0.138525372799654	NA	0.5	0.00847544712672688	NA	NA	NA	NA	0.369295987020438	0.630704012979562	0.348446848991643	mig	Hirundinidae
Ptyonoprogne_rupestris	hypo_wi	0.0810651316972754	1	0.162870963580207	NA	0.5	0.00180711077973461	NA	1	0.221701722605884	NA	NA	NA	NA	0.725610016103935	0.274389983896065	0.715964021852697	mig	Hirundinidae
Riparia_congica	real	0.24906326965519	1	0.640575419967583	NA	1	0.286566421167833	NA	0.5	0.0543106138193065	NA	10.7952133412189	4.77841721478646	6.01679612643248	0.477188125105569	0.522811874894431	0.0248362882776494	res	Hirundinidae
Riparia_diluta	real	0.431840520746051	0.5	0.316013059311474	NA	0.5	0.11645792753047	NA	0.5	0.0862925684729626	NA	14.0261431950899	7.16500978727505	6.8611334078149	0.132930129448427	0.867069870551572	0.491203740029154	mig	Hirundinidae
Riparia_diluta	hypo_br	0.500477212643665	0.5	0.292600347868175	NA	0.5	0.00967231494044596	NA	0.5	0.362343739664143	NA	NA	NA	NA	0.133160742793238	0.866839257206762	0.112809941505024	mig	Hirundinidae
Riparia_diluta	hypo_wi	0.574432194057509	0.5	0.310388030849681	NA	0.5	0.0689115755651196	NA	0.5	0.088482927191845	NA	NA	NA	NA	0.0354842220199509	0.964515777980049	0.167748531959332	mig	Hirundinidae
Riparia_riparia	real	0.46324249207941	1	0.476756846739449	NA	0.5	0.0937243578380108	NA	0.5	0.0554789468697466	NA	13.8824257129877	6.73715752005337	7.14526819293437	0.0563354055575867	0.943664594442413	0.00745138157942545	mig	Hirundinidae
Riparia_riparia	hypo_br	0.501127150481742	0.5	0.377009597352104	NA	0.5	9.15969738812805e-06	NA	0.5	0.0469641666503439	NA	NA	NA	NA	0.0379537566572241	0.962046243342776	0.0319636024347255	mig	Hirundinidae
Riparia_riparia	hypo_wi	0.151274616242185	0.5	0.0674285103238093	NA	0.5	0.132146405361137	NA	0.5	0.0295485438414335	NA	NA	NA	NA	0.775672760416174	0.224327239583826	0.402593109422572	mig	Hirundinidae
Stelgidopteryx_ruficollis	real	0.739042129135843	0.5	0.39062639978216	NA	0.5	0.384833241541568	NA	0.5	0.115243237907806	NA	14.4531262379436	7.3744032686767	7.07872296926694	0.0323359231107943	0.967664076889206	0.0312584794417616	mig	Hirundinidae
Stelgidopteryx_ruficollis	hypo_br	0.751372380391165	0.5	0.439672128945594	NA	0.5	0.0141773835168362	NA	0.5	0.6949170947287	NA	NA	NA	NA	0.0337572083265968	0.966242791673403	0.0237141562382539	mig	Hirundinidae
Stelgidopteryx_ruficollis	hypo_wi	0.718736523299837	0.5	0.39503065327935	NA	0.5	0.436020618120174	NA	0.5	0.334397473883903	NA	NA	NA	NA	0.0347152678123098	0.96528473218769	0.0416924524884436	mig	Hirundinidae
Stelgidopteryx_serripennis	real	0.27590025240602	1	0.404058096551676	NA	1	0.355283703394396	NA	0.5	0.0126912417406632	NA	14.8131563195513	7.3341942557383	7.47896206381295	0.22928328285556	0.77071671714444	0.0604356550659206	mig	Hirundinidae
Stelgidopteryx_serripennis	hypo_br	0.456833379450552	0.5	0.39499546024429	NA	0.5	0.00915745431102211	NA	0.5	0.192552619198137	NA	NA	NA	NA	0.166996421440505	0.833003578559495	0.0286467691586856	mig	Hirundinidae
Stelgidopteryx_serripennis	hypo_wi	0.630078227342856	0.5	0.401398422084362	NA	0.5	0.000937481701664522	NA	0.5	0.110240981816758	NA	NA	NA	NA	0.0715842217973073	0.928415778202693	0.0125042192272256	mig	Hirundinidae
Tachycineta_albilinea	real	0.345332109135223	1	0.361436398206752	NA	0.5	0	NA	0.5	0.278279742851386	NA	13.6214348260315	6.57060344327534	7.05083138275619	0.349749169169248	0.650250830830752	0.13461655625851	res	Hirundinidae
Tachycineta_albiventer	real	0.609531031068222	0.5	0.333319194947311	NA	0.5	0.00993648059122254	NA	0.5	0.0699591367026288	NA	14.4846828780118	7.11265545632759	7.37202742168426	0.0782184878139688	0.921781512186031	0.07210683226217	mig	Hirundinidae
Tachycineta_albiventer	hypo_br	0.62013840602875	0.5	0.335269510226053	NA	0.5	0.0409837405064729	NA	0.5	0.476811512010996	NA	NA	NA	NA	0.0737569239551223	0.926243076044878	0.0743361969626198	mig	Hirundinidae
Tachycineta_albiventer	hypo_wi	0.637822806666622	0.5	0.349502653917193	NA	0.5	0.402237572318424	NA	0.5	0.243901339870551	NA	NA	NA	NA	0.0521816976270549	0.947818302372945	0.066852624570146	mig	Hirundinidae
Tachycineta_bicolor	real	0.455788607313037	0.5	0.240196725552459	NA	0.5	0	NA	0.5	0.0865548893641794	NA	13.994763899231	6.98270644508433	7.01205745414666	0.10986709795438	0.89013290204562	0.121211177232463	mig	Hirundinidae
Tachycineta_bicolor	hypo_br	0.247844625598326	0.5	0.213100020825712	NA	0.5	0.0017991778557549	NA	1	0.290098138182753	NA	NA	NA	NA	0.314888727463604	0.685111272536396	0.526028008766058	mig	Hirundinidae
Tachycineta_bicolor	hypo_wi	0.0926270059987617	0.5	0.0751874441160155	NA	1	0.113430716983113	NA	1	0.247725357189121	NA	NA	NA	NA	0.835043564422573	0.164956435577427	0.754076747028497	mig	Hirundinidae
Tachycineta_euchrysea	real	0	1	0.251723172570824	NA	1	0	NA	1	0	NA	12.7276798325048	6.32602355302054	6.40165627948426	1	0	1	res	Hirundinidae
Tachycineta_leucorrhoa	real	0.287688296865775	0.5	0.213534265560908	NA	0.5	0.232332162390861	NA	0.5	0.170681008105882	NA	13.8342141126442	6.91984106699209	6.91437304565206	0.304724019643703	0.695275980356297	0.448388183940067	mig	Hirundinidae
Tachycineta_leucorrhoa	hypo_br	0.233558874681359	1	0.248824231890338	NA	1	0.256952819159906	NA	1	0.357167573003424	NA	NA	NA	NA	0.202889527396907	0.797110472603093	0.373988702752566	mig	Hirundinidae
Tachycineta_leucorrhoa	hypo_wi	0.19503776487119	0.5	0.16130485271892	NA	1	0.338663800866331	NA	0.5	0.0452475503852345	NA	NA	NA	NA	0.441470601547915	0.558529398452085	0.674886943763906	mig	Hirundinidae
Tachycineta_thalassina	real	0.151151320746036	1	0.180149956099263	NA	0.5	0.0201254392510661	NA	0.5	0.111939348246812	NA	13.7849761798593	7.3840750493044	6.40090113055493	0.00936767842180478	0.990632321578195	0.411453770799627	NA	Hirundinidae
Tachycineta_thalassina	hypo_br	0.0645243176636472	1	0.172159834656535	NA	0.5	0.0227043476485319	NA	1	0.127424696657564	NA	NA	NA	NA	0.283603059776968	0.716396940223032	0.705733689687061	NA	Hirundinidae
Tachycineta_thalassina	hypo_wi	0.198089374993449	0.5	0.117342921342229	NA	0.5	0.102088413862095	NA	0.5	0.0401791844443572	NA	NA	NA	NA	0.61021371852087	0.38978628147913	0.362527880957136	NA	Hirundinidae
